1 5.059798348203039 
2 0.026535676919905167 
3 0.02404373594589462 
4 0.02417789363399349 
5 0.021820257414440453 
6 0.02538343139255411 
7 0.021932797687142364 
8 0.023599620375957742 
9 0.022923546972974378 
10 0.02149382505660044 
11 0.02134178335879264 
12 0.020441272463941736 
13 0.021087964755834594 
14 0.020231463210800514 
15 0.019664098685329378 
16 0.0196834726461719 
17 0.021518908032453328 
18 0.024037284595476577 
19 0.02085324889756249 
20 0.0197390700120583 
21 0.01987256668521332 
22 0.01963642381427923 
23 0.019402051471571754 
24 0.020279029904622128 
25 0.019487419577155045 
26 0.01937181523273063 
27 0.01958177216264944 
28 0.019969180924402394 
29 0.019452610168821754 
30 0.019337371778365253 
31 0.019628516033294734 
32 0.022853160458525746 
33 0.01918158225529154 
34 0.01992877168606819 
35 0.022885685190064595 
36 0.0193296863334791 
37 0.018889495537507708 
38 0.019068406028090294 
39 0.01907646613314301 
40 0.019356372343069597 
41 0.018729722461702892 
42 0.01911222768334338 
43 0.020917830961441015 
44 0.01909631847237394 
45 0.01872954142567103 
46 0.020105096945988693 
47 0.019681120512006794 
48 0.018998753620355954 
49 0.01837751839211759 
50 0.018779478765611698 
51 0.019144638457117155 
52 0.018439079522295444 
53 0.01905914455982999 
54 0.019083151766748553 
55 0.01838874127015072 
56 0.0190227274719345 
57 0.018792980706714993 
58 0.019558021706611833 
59 0.018058218258842483 
60 0.01842862697021809 
61 0.018287913004252965 
62 0.018110987028907802 
63 0.018964414628176062 
64 0.018362813095930915 
65 0.01805769888647692 
66 0.018824245574920444 
67 0.017931401350918922 
68 0.018640468886401636 
69 0.018671146120506164 
70 0.018436333060082005 
71 0.018191813877584274 
72 0.02094326706143144 
73 0.01922421844939969 
74 0.01780346382869053 
75 0.01958079051075095 
76 0.018436796667426997 
77 0.018838267107263086 
78 0.01788783112645402 
79 0.01938433982946029 
80 0.018293613829749984 
81 0.017509893006219718 
82 0.020157537512771558 
83 0.01988082040047549 
84 0.020233914795003447 
85 0.01858517802780965 
86 0.01762354572052697 
87 0.01999445176625528 
88 0.01734191902261708 
89 0.017431745146619198 
90 0.024485951208041416 
91 0.017450005555721397 
92 0.01746197809842497 
93 0.022370027995932556 
94 0.017477775065990363 
95 0.0176991829758581 
96 0.017406322313880316 
97 0.018686981400852516 
98 0.017107340786240776 
99 0.017800628114970258 
100 0.020092721641086882 
101 0.017096236015001008 
102 0.020276697838796313 
103 0.018719880560000852 
104 0.017512794388806253 
105 0.017914340169838745 
106 0.017757549339672475 
107 0.017322372715216455 
108 0.0177411283590076 
109 0.017641571158644197 
110 0.01687388526495279 
111 0.01724565190793771 
112 0.017997038481280463 
113 0.018568026285419 
114 0.0172307917860768 
115 0.01738940441042364 
116 0.01718095921642308 
117 0.017862204403353742 
118 0.01822168980020954 
119 0.01763578449992531 
120 0.017652015694120428 
121 0.017300665259751748 
122 0.01693991239970842 
123 0.01796224674900774 
124 0.017219190703489762 
125 0.01907100485360736 
126 0.016716748542594695 
127 0.016779501373955428 
128 0.017714546175073544 
129 0.01856900279787648 
130 0.01751064253034696 
131 0.019134955094537956 
132 0.019147010631982642 
133 0.016580066775761373 
134 0.01659998771823197 
135 0.01721953044931554 
136 0.017301392491635845 
137 0.016467936091879524 
138 0.016917361403588484 
139 0.016948852532913877 
140 0.016853049703486528 
141 0.016564019583765407 
142 0.020133174603298064 
143 0.018670483478195662 
144 0.018246928811967024 
145 0.016297775988056266 
146 0.017048833749576164 
147 0.016925167893978788 
148 0.019045532889876697 
149 0.016685768526968927 
150 0.01875847398760031 
151 0.016547394277008153 
152 0.017292495961948907 
153 0.01613368339412935 
154 0.017017641183602324 
155 0.016553527083529043 
156 0.016280684270585603 
157 0.017592008714342727 
158 0.016560605212609273 
159 0.01693590181070539 
160 0.01676936015817487 
161 0.018477634747140648 
162 0.017313207376404172 
163 0.016034784285804893 
164 0.016139107373725987 
165 0.020416612924414927 
166 0.016192638998716966 
167 0.016250091086663088 
168 0.01605221100357171 
169 0.016536273464492615 
170 0.01705922459623859 
171 0.017115364642178558 
172 0.016097356328060166 
173 0.01690218420215158 
174 0.016169626146333407 
175 0.016126955838681956 
176 0.016446519821239507 
177 0.016088926347154867 
178 0.016040268446350096 
179 0.02293073290376916 
180 0.015898222420458272 
181 0.01598884176115465 
182 0.01923473823491782 
183 0.01613836249403849 
184 0.016118289205228505 
185 0.01828916488297067 
186 0.016250755684934653 
187 0.016616248883734537 
188 0.01677036566545207 
189 0.01605832957633922 
190 0.0170185176246095 
191 0.020638553576552993 
192 0.01639491589275651 
193 0.017434374493361156 
194 0.016159299424051813 
195 0.016134419485414008 
196 0.015757227149658565 
197 0.016691721395202506 
198 0.016505892020398438 
199 0.017919152049665918 
200 0.01597020689479224 
201 0.016468042402223545 
202 0.01646321265578205 
203 0.015582065242350635 
204 0.017559757094471773 
205 0.01700979646575578 
206 0.015680493928216674 
207 0.016242890823734524 
208 0.015771316412509253 
209 0.016100688281821304 
210 0.01693303609542536 
211 0.01702776277110521 
212 0.015634504709747307 
213 0.015530921712091339 
214 0.01563349006696589 
215 0.015782352438658033 
216 0.021866132724196175 
217 0.015720073259744054 
218 0.015624117111774671 
219 0.01535335894943882 
220 0.01627030121526359 
221 0.015624366178368385 
222 0.018510995775528245 
223 0.01663713918951039 
224 0.016166440605767086 
225 0.015686227888716327 
226 0.01645402317436793 
227 0.016349301257676987 
228 0.01606815836376616 
229 0.015333436740454408 
230 0.01798769206786371 
231 0.015491705269694024 
232 0.016240273181721353 
233 0.01578695700616046 
234 0.0152683402796671 
235 0.01579809431691433 
236 0.015268291723154784 
237 0.01586743183762299 
238 0.015224571032392048 
239 0.015816314349381657 
240 0.015452865153986573 
241 0.0155360293360428 
242 0.015474825712242148 
243 0.01597691000597755 
244 0.017962793354789352 
245 0.017079899594898206 
246 0.01827055436841427 
247 0.016376514403549494 
248 0.016642891734281223 
249 0.01588176046711775 
250 0.01573118473297621 
251 0.01645203377863159 
252 0.015662691230265473 
253 0.01569621797861093 
254 0.015301762639158074 
255 0.017747475862118903 
256 0.01751675348343984 
257 0.015918537191314377 
258 0.01961039058070673 
259 0.016913591982318576 
260 0.01575232330178117 
261 0.015539290738181 
262 0.015231191604571578 
263 0.015973123526727074 
264 0.01517468245591719 
265 0.01593394425433661 
266 0.017033715960014274 
267 0.017756555480552078 
268 0.015835932793522453 
269 0.015128965119855337 
270 0.01666226233694602 
271 0.014995000812276869 
272 0.015614535396043369 
273 0.015582157496359756 
274 0.015765349079577846 
275 0.015498634366194204 
276 0.01519710968312022 
277 0.015402607947167362 
278 0.01760382952967549 
279 0.01488430268525926 
280 0.015177818302384304 
281 0.015030118561136738 
282 0.015382897400928536 
283 0.01657459711634361 
284 0.020332362272750936 
285 0.017030296164044854 
286 0.014813343775025863 
287 0.015008021866053258 
288 0.015997104324079362 
289 0.01714358555119833 
290 0.019739266373743746 
291 0.01602300062050701 
292 0.01581414662938496 
293 0.016786589771965184 
294 0.017765951473778414 
295 0.014799711450180712 
296 0.01649100988529502 
297 0.01494674225447167 
298 0.01513867112731051 
299 0.014997912071645015 
300 0.015474943970080864 
301 0.015073185569499208 
302 0.014924936302079417 
303 0.01491530690693163 
304 0.015031946432543106 
305 0.01508606518166141 
306 0.015098788980728408 
307 0.014783853506006193 
308 0.015088622969381675 
309 0.014684797336139713 
310 0.01516557706294615 
311 0.01653438841677881 
312 0.014739800446763618 
313 0.015376329015190513 
314 0.01481603897997349 
315 0.014759124057355967 
316 0.0155470844789463 
317 0.0157447958967059 
318 0.015155394341250001 
319 0.014759926696446303 
320 0.015189375807620772 
321 0.01478421561669611 
322 0.015351975335416447 
323 0.016047762325048877 
324 0.01541643281332959 
325 0.016617786768055757 
326 0.015467760149124234 
327 0.015316846925502085 
328 0.015536484099746832 
329 0.015065118129958333 
330 0.016252862173464586 
331 0.01589466925993168 
332 0.014713233408363582 
333 0.015779489154133308 
334 0.015245996229693845 
335 0.014601246603461742 
336 0.015463749108863886 
337 0.01486849957302 
338 0.014918360167767406 
339 0.016308082937986957 
340 0.014960027371664207 
341 0.014997779050621236 
342 0.014915043502771968 
343 0.015269798384527135 
344 0.014742279586682772 
345 0.014656635605040031 
346 0.014693759065093752 
347 0.01782696584203789 
348 0.014793957431066884 
349 0.014992064295378799 
350 0.01455441208324707 
351 0.01523379668929567 
352 0.014688049718770262 
353 0.014533614650283102 
354 0.015122242389913729 
355 0.015299268108505123 
356 0.014742153266957849 
357 0.0151468365920665 
358 0.015630107898299758 
359 0.015583235769100517 
360 0.014568469752516378 
361 0.015240325552115153 
362 0.015271269461748562 
363 0.015284373321752852 
364 0.01518041777099454 
365 0.01772097983919248 
366 0.01627942307315519 
367 0.017086676421232738 
368 0.015661397969378783 
369 0.015296646570991692 
370 0.015533655669214995 
371 0.016645511172972197 
372 0.01589573937676884 
373 0.014633148888762304 
374 0.014807065174427408 
375 0.016256708522100653 
376 0.014573722249955429 
377 0.01665903807974436 
378 0.016190372326999308 
379 0.015696687782436287 
380 0.016144443006933646 
381 0.015896830788409817 
382 0.01660831002977525 
383 0.015043761772126737 
384 0.014830222924771824 
385 0.021249155584377528 
386 0.016097071823493844 
387 0.014798869331616931 
388 0.014698606535860083 
389 0.014543810096952905 
390 0.01576299590101509 
391 0.01695182353644967 
392 0.01580135268940296 
393 0.015529355814510166 
394 0.014783018411186196 
395 0.014628163680994294 
396 0.015513102326413059 
397 0.015367793695706072 
398 0.014838599939547484 
399 0.015478778966928843 
400 0.014343156532782947 
401 0.015578113086115265 
402 0.015694870035365516 
403 0.01445584386335321 
404 0.014512240150092686 
405 0.015454737133943951 
406 0.014446323305999369 
407 0.014418368125183673 
408 0.015109321885874157 
409 0.014625286077816766 
410 0.019828575660589876 
411 0.01604863622140888 
412 0.014465149003398977 
413 0.014300917507634028 
414 0.017204983588909265 
415 0.014511612156191006 
416 0.014694892336841792 
417 0.014920947009033639 
418 0.014485375838486874 
419 0.014320728351489254 
420 0.01537021365182952 
421 0.014686385650676835 
422 0.014344531285052298 
423 0.015336006740645593 
424 0.014704427059531384 
425 0.015298710584314971 
426 0.01433952019270541 
427 0.015489672248255489 
428 0.015499139510163235 
429 0.014267778429808845 
430 0.014548350828709368 
431 0.017104312994344777 
432 0.01786907724635821 
433 0.01688554203342517 
434 0.014856340239592293 
435 0.014787622452849923 
436 0.015680796619951122 
437 0.014897566602449373 
438 0.014394505066558753 
439 0.014523278049966516 
440 0.014356239351045606 
441 0.0144149373564495 
442 0.014280282783860633 
443 0.014453712028546058 
444 0.014841871175794859 
445 0.014255212884382442 
446 0.014772234288070377 
447 0.014620905813044073 
448 0.014384879784584234 
449 0.014734748731672482 
450 0.01450438697514191 
451 0.01647678192568777 
452 0.01470902958289513 
453 0.0143250313014887 
454 0.015325325511315706 
455 0.01455005371816158 
456 0.014499561441465306 
457 0.014431058393541025 
458 0.014622570303342394 
459 0.014550566954333044 
460 0.01423064771165753 
461 0.014389732560334727 
462 0.014554607867934931 
463 0.014255070526257385 
464 0.015213566039068817 
465 0.014991641120161336 
466 0.014332149163795646 
467 0.014796593261971663 
468 0.014430807480004816 
469 0.014191441448435592 
470 0.014396834773871358 
471 0.0157971880410929 
472 0.014421051319038397 
473 0.014658569926563336 
474 0.014403588933338313 
475 0.01448277040889889 
476 0.01595619350367101 
477 0.014605442056490005 
478 0.015148758236384771 
479 0.01509112197302139 
480 0.01575380501313986 
481 0.01420771218564862 
482 0.014399660408328106 
483 0.01759349298746894 
484 0.014395290047900659 
485 0.01547962449155139 
486 0.01540533770135129 
487 0.01601833394033389 
488 0.015196843236280216 
489 0.014483241240122032 
490 0.014538799699081156 
491 0.016617807705377317 
492 0.01443137517143146 
493 0.01656121643464465 
494 0.014679001228611781 
495 0.01518096280046014 
496 0.016063168202768697 
497 0.014872681297544491 
498 0.015397526601687661 
499 0.015774363208143377 
500 0.014189426808838163 
501 0.01438718529856388 
502 0.015333756827336958 
503 0.020793120863016497 
504 0.016591465595328755 
505 0.015070428348877993 
506 0.014296440819495396 
507 0.014917593528057264 
508 0.01409369478649354 
509 0.014597027968167009 
510 0.014111614606708938 
511 0.014349765488269434 
512 0.014874519825083263 
513 0.014193518591961114 
514 0.016866928807994754 
515 0.014745959945041175 
516 0.014582623967615945 
517 0.01439164174946128 
518 0.014048756889923708 
519 0.014229223756192613 
520 0.016052247953626562 
521 0.015185087033113772 
522 0.014423624921953348 
523 0.015301116469393094 
524 0.014933107906848363 
525 0.01429536195169419 
526 0.014273891316488794 
527 0.014607897578646703 
528 0.014759659238211964 
529 0.01560319739904792 
530 0.015166050691314643 
531 0.016464249663444015 
532 0.01554763660214571 
533 0.014060786005828212 
534 0.01450378180735393 
535 0.014686415659913564 
536 0.015087689526292985 
537 0.015611466485958814 
538 0.014896373000223758 
539 0.016255162098616896 
540 0.01528973810617822 
541 0.014737572739102643 
542 0.01539696469371737 
543 0.01485719847707784 
544 0.01529824881387961 
545 0.016635451588846932 
546 0.014155063964963435 
547 0.014353731234037905 
548 0.01613252530040516 
549 0.015048194396529572 
550 0.014459771136653322 
551 0.014792295219278506 
552 0.015112072955764989 
553 0.01592863629370994 
554 0.014519877562669052 
555 0.014300850954634115 
556 0.01428602082040665 
557 0.014495364759167944 
558 0.014174917194834769 
559 0.014263834021344804 
560 0.018970283857506143 
561 0.01472055321798827 
562 0.014334290054951956 
563 0.014122787929728741 
564 0.015970213965577757 
565 0.015075590423576505 
566 0.014321540260230551 
567 0.01834032353271606 
568 0.014601292003371284 
569 0.014020434131775613 
570 0.01486434468655646 
571 0.014726149616982672 
572 0.016876915845346032 
573 0.01436612485669583 
574 0.0139782312820617 
575 0.015551071082838791 
576 0.015898450915491084 
577 0.01551500723784159 
578 0.014212663432581311 
579 0.014930484285732189 
580 0.014324887169132479 
581 0.016503066234257624 
582 0.0140619443760342 
583 0.014141129358565723 
584 0.015412069106789522 
585 0.016766232950809222 
586 0.01803839746371999 
587 0.014373363890099154 
588 0.01672277875402988 
589 0.014080996830055804 
590 0.01744665727893978 
591 0.013988845491248325 
592 0.014243515039281613 
593 0.014344225619976694 
594 0.013987805363526853 
595 0.015606868304198789 
596 0.014011819301606528 
597 0.013973108395349288 
598 0.014538128284439978 
599 0.014926636880142832 
600 0.014228863790299544 
601 0.014344145255387252 
602 0.014540714479368342 
603 0.01395210304137033 
604 0.014678887155622596 
605 0.014844372681577638 
606 0.021742582913700983 
607 0.014141696428242005 
608 0.018342548890299633 
609 0.014069281449549885 
610 0.014108109034974017 
611 0.014569512768868571 
612 0.01463004989352577 
613 0.014434898780869315 
614 0.014634437581421201 
615 0.015004320484650214 
616 0.015251266216645376 
617 0.014156904056571587 
618 0.014187539684843563 
619 0.014089807548200025 
620 0.014255025224043984 
621 0.015004159702195556 
622 0.01727607279681868 
623 0.015741472799380887 
624 0.013979271213607047 
625 0.014209623405668819 
626 0.015146964498533515 
627 0.013948211932361275 
628 0.01596984404357829 
629 0.017940966594527333 
630 0.015271105675600216 
631 0.014641521459523181 
632 0.013944784503643164 
633 0.01432168582718624 
634 0.014122492721182572 
635 0.01456361938147625 
636 0.014404774668009884 
637 0.01399855829462503 
638 0.014953394730360925 
639 0.013995768147141228 
640 0.01505931699935073 
641 0.014245579430331163 
642 0.013961739788085245 
643 0.014004945110814251 
644 0.017627268757194323 
645 0.014138203718377509 
646 0.014529875847806576 
647 0.014086980555818354 
648 0.015606559203852259 
649 0.015410869992468839 
650 0.014653468839794249 
651 0.014360541948384492 
652 0.014121779633208962 
653 0.014286099278401826 
654 0.015529929206827265 
655 0.014491998145424947 
656 0.014598160096112207 
657 0.015771521771875508 
658 0.014649310073928447 
659 0.014594258808191023 
660 0.015378083921099664 
661 0.019208887306209205 
662 0.01418084200719506 
663 0.014250611608260539 
664 0.014508080427252958 
665 0.014100141538089247 
666 0.014272140415627934 
667 0.01395339447954772 
668 0.015240564389921423 
669 0.014795259699420905 
670 0.016252592421830303 
671 0.01883822454619044 
672 0.015368256958813217 
673 0.017986777607335344 
674 0.01766242040023555 
675 0.01419167598479085 
676 0.014256839204422715 
677 0.014023270755508355 
678 0.016481233126180068 
679 0.014729280494557953 
680 0.014035470505527768 
681 0.013974724966761233 
682 0.01552727334332884 
683 0.014028433861326906 
684 0.014970485180255781 
685 0.013844255861065417 
686 0.013906021221488669 
687 0.01439029154388694 
688 0.015095735489070302 
689 0.014556033651783179 
690 0.015111322934407903 
691 0.015008731394127964 
692 0.014472412684515597 
693 0.01461717036226804 
694 0.013959865485941692 
695 0.014691265532025353 
696 0.015868154132571376 
697 0.01669537584043779 
698 0.013968883329207414 
699 0.014189094001983935 
700 0.013898787103134365 
701 0.015489712086988988 
702 0.01520565358445075 
703 0.013967329881580233 
704 0.020758735833771365 
705 0.015991994465346052 
706 0.013949087804226422 
707 0.014724261119583502 
708 0.014126370927402394 
709 0.014000984700343387 
710 0.013958853449662433 
711 0.014499038121441902 
712 0.014197667998375362 
713 0.014105670164538378 
714 0.015885812464056064 
715 0.015139693390153992 
716 0.014476524175023382 
717 0.015002161661728679 
718 0.016061013331588474 
719 0.0150809446723005 
720 0.01396561395766902 
721 0.015551944928898609 
722 0.013810581591237218 
723 0.014417868457520274 
724 0.01428879045263754 
725 0.015054067924840644 
726 0.013900991377636581 
727 0.01392307914330384 
728 0.014618947304319795 
729 0.014426722981671856 
730 0.015977623830606073 
731 0.01442784844504111 
732 0.015342532704387964 
733 0.01421284216516536 
734 0.016040176501702884 
735 0.014386526474808847 
736 0.013862289735906464 
737 0.015362295809073834 
738 0.015248197973813106 
739 0.01552288801069034 
740 0.014246608957696605 
741 0.014350671820617236 
742 0.01434556296651316 
743 0.014040937250346759 
744 0.014658348415616987 
745 0.014442063930977238 
746 0.015283568371307442 
747 0.013916208215034913 
748 0.015024857244482515 
749 0.013879450346698024 
750 0.014282000792803928 
751 0.014309325702860783 
752 0.014051482944672787 
753 0.014892596424822522 
754 0.021539479449488693 
755 0.015610053581207291 
756 0.01569152515301329 
757 0.014407093290678503 
758 0.01536529051115636 
759 0.013964699414607179 
760 0.014275214114914865 
761 0.013890569123688818 
762 0.015656952954476545 
763 0.014104415555675019 
764 0.019408448502586013 
765 0.0139600847077789 
766 0.014480074605423608 
767 0.014023959641385165 
768 0.016570495073932517 
769 0.015222356912395497 
770 0.014065619993365499 
771 0.014149080695081716 
772 0.015080761078018534 
773 0.014099670138174855 
774 0.017206653957610604 
775 0.013813326005109452 
776 0.015670559871116905 
777 0.014556374251174287 
778 0.01913545997453355 
779 0.014858816575422509 
780 0.014521227494446936 
781 0.01437974847255761 
782 0.01381145732513221 
783 0.018789920665543518 
784 0.016178217354041017 
785 0.015231791093168584 
786 0.01384955284428257 
787 0.015754001457209434 
788 0.013933385463717678 
789 0.014084849925506467 
790 0.014501924327462523 
791 0.013866969725190614 
792 0.014895868383004341 
793 0.01423004056840042 
794 0.014046849658842182 
795 0.014721794769888882 
796 0.014654678925276608 
797 0.014149292107317177 
798 0.014386766185633925 
799 0.014769852561508688 
800 0.013875676142050713 
801 0.014018902733443769 
802 0.01456211952657182 
803 0.014026751463129688 
804 0.013955954374834647 
805 0.013908671082815818 
806 0.015154801282014733 
807 0.01459730405581682 
808 0.013835112665524571 
809 0.014575475210343353 
810 0.013764877897501207 
811 0.016508193476089065 
812 0.0138772728325843 
813 0.014090738459940112 
814 0.015946184806145753 
815 0.014581580874002185 
816 0.015079100377217594 
817 0.015201523395907912 
818 0.01585247035050994 
819 0.01598551565292346 
820 0.014827256905447703 
821 0.013986253380499943 
822 0.013982537169612686 
823 0.016359220507345257 
824 0.01405102387928305 
825 0.014289893613794553 
826 0.014353991697459309 
827 0.014055016569359572 
828 0.014719400406730497 
829 0.014566689705452012 
830 0.016168616296079612 
831 0.014156078437538593 
832 0.013987600418663265 
833 0.014989328831220752 
834 0.014313229533141054 
835 0.014117628374967663 
836 0.014170139615165498 
837 0.014304217160586927 
838 0.01400654216295008 
839 0.014256253319547881 
840 0.015973022163942453 
841 0.014016003029593433 
842 0.022471854251705854 
843 0.013880392237978722 
844 0.01408878405566718 
845 0.015308218640306848 
846 0.0142376747469613 
847 0.013814753708173004 
848 0.01563764308157621 
849 0.017098439501113557 
850 0.014494894014531048 
851 0.01551679162371816 
852 0.014758996665346916 
853 0.013792507767341993 
854 0.014173064033765961 
855 0.01763396954991008 
856 0.016512976532121967 
857 0.01738235219933954 
858 0.01578246970438478 
859 0.014192653048706353 
860 0.013977145988512813 
861 0.014491506397674032 
862 0.014934209515472167 
863 0.014019829315317395 
864 0.01393128352279552 
865 0.014144952032838925 
866 0.014669724038562412 
867 0.01429146770386304 
868 0.014447110266911261 
869 0.01383823834489029 
870 0.014565234367301656 
871 0.013862867971351363 
872 0.013923226686786187 
873 0.015820065373415893 
874 0.013790709608683258 
875 0.013806795160333419 
876 0.014387249623081718 
877 0.014595736544292174 
878 0.013950883119242105 
879 0.014577729661386343 
880 0.014565051874498317 
881 0.0161209872826482 
882 0.014090792344014792 
883 0.015061593029866057 
884 0.013990340133185316 
885 0.015267663457059788 
886 0.014548607616932593 
887 0.01563376095729015 
888 0.014222697216463704 
889 0.014584717829722439 
890 0.018824346570122726 
891 0.014719592591291615 
892 0.014849748168719583 
893 0.014362109501235915 
894 0.015480717774213525 
895 0.013971222116291657 
896 0.014763179931598685 
897 0.014543568304717215 
898 0.015461137493296195 
899 0.014033646933400914 
900 0.017790009536905106 
901 0.015143563511208793 
902 0.01619306402082976 
903 0.01397704095177811 
904 0.014458930904937588 
905 0.01394930760951513 
906 0.013847106643173863 
907 0.014181658761018416 
908 0.014429092694243207 
909 0.013834142393667037 
910 0.014008958860914016 
911 0.014101959654818686 
912 0.01372389081339534 
913 0.01488358902409983 
914 0.014598273153085456 
915 0.016248705068738087 
916 0.013916688047678951 
917 0.016355912585683374 
918 0.014222071542442125 
919 0.013745952900545125 
920 0.015410653685997257 
921 0.017061499895013533 
922 0.014398260333623129 
923 0.015000169354234965 
924 0.016396184744775968 
925 0.013867918171958149 
926 0.015632474079568914 
927 0.01376779016230789 
928 0.014218461795589457 
929 0.014189700288202852 
930 0.015014235219020037 
931 0.01379226975989101 
932 0.015286543374039285 
933 0.014001206684512362 
934 0.013961347274937072 
935 0.013768480520367558 
936 0.014294777298506608 
937 0.013934029122360811 
938 0.01431126839775512 
939 0.01441352444343529 
940 0.013793752196060273 
941 0.0137900693342598 
942 0.014205340004818276 
943 0.01520410133814336 
944 0.014552364717821712 
945 0.014171291782584035 
946 0.01606663154127626 
947 0.01406152842670717 
948 0.014512059077916476 
949 0.013729833871548254 
950 0.01635759156129032 
951 0.014824354114745801 
952 0.015832579589093974 
953 0.014085216641341632 
954 0.013679622431603434 
955 0.014448346856658969 
956 0.01384774497464454 
957 0.014131490568005145 
958 0.014767318933119094 
959 0.014461327858645456 
960 0.020938872614865132 
961 0.013809079491130354 
962 0.014827730733481263 
963 0.015010819207670036 
964 0.015460947426156762 
965 0.014916283144657433 
966 0.01485905889371692 
967 0.014369628363152032 
968 0.01414436492605337 
969 0.014383877144945543 
970 0.014304166856095387 
971 0.014247484226881013 
972 0.013813785309694288 
973 0.01403630090469999 
974 0.015315542944622394 
975 0.014191666376144605 
976 0.014215724404713572 
977 0.015122419386690468 
978 0.01698881425283893 
979 0.01569199083779577 
980 0.014888684641905655 
981 0.015491937632025407 
982 0.016287994656232013 
983 0.014438174338038274 
984 0.013914987123391358 
985 0.014182471946744357 
986 0.013949919723391753 
987 0.014062696477823227 
988 0.014124064535930068 
989 0.014606534025598356 
990 0.014730557481249866 
991 0.014750414923311039 
992 0.015067317572652032 
993 0.014319545561703206 
994 0.014816496638087245 
995 0.014487461855451855 
996 0.014059575792656988 
997 0.014095706388587653 
998 0.01378446709445451 
999 0.01393075074688 
1000 0.014069139819871401 
1001 0.015532885514166 
1002 0.014224649955259969 
1003 0.014248877818796519 
1004 0.013985535304935837 
1005 0.014163931950484038 
1006 0.01375919285483765 
1007 0.015541473773126202 
1008 0.014348599218873267 
1009 0.014940814583518985 
1010 0.016307105567286383 
1011 0.01649898836230788 
1012 0.013850381669848744 
1013 0.013741122273686809 
1014 0.01468967108532134 
1015 0.013672550722388764 
1016 0.014195088121016743 
1017 0.01400005874440467 
1018 0.014237582692265145 
1019 0.013824833776973418 
1020 0.014013925811101552 
1021 0.013911495378024842 
1022 0.013915824476350317 
1023 0.014306106140220397 
1024 0.01580056160878699 
1025 0.013935217538402515 
1026 0.01430421548275173 
1027 0.014661445237190054 
1028 0.014929998071953554 
1029 0.016507884261209433 
1030 0.015077627249763623 
1031 0.014767087355405883 
1032 0.01450541970149722 
1033 0.015795688643277368 
1034 0.013766105884315118 
1035 0.013945867247072755 
1036 0.014254944434637179 
1037 0.013837225659649042 
1038 0.013930998792631467 
1039 0.01527288399429621 
1040 0.013906684549849226 
1041 0.014280783291945863 
1042 0.014643999833986749 
1043 0.015026905080606076 
1044 0.013987266620001356 
1045 0.016380629295353066 
1046 0.017400410927990596 
1047 0.016793870359138225 
1048 0.013803747163709437 
1049 0.015333999556303126 
1050 0.014562921167062336 
1051 0.01792459121394121 
1052 0.014165691428378665 
1053 0.01513147971429957 
1054 0.01754834753317067 
1055 0.01541855190026194 
1056 0.01751910450332211 
1057 0.014608704954244723 
1058 0.013917134865225472 
1059 0.014084969350702957 
1060 0.014962132132183904 
1061 0.014319778284820615 
1062 0.013884894433408288 
1063 0.015043500092348956 
1064 0.014200633418550076 
1065 0.014113318952973072 
1066 0.013788980860875879 
1067 0.02052661367517387 
1068 0.017347264235600773 
1069 0.013662553995144376 
1070 0.014088395269602327 
1071 0.014574242111177443 
1072 0.013979104126272165 
1073 0.01391018801704968 
1074 0.017989151582082905 
1075 0.01456548951980277 
1076 0.013680398962745598 
1077 0.013892377754419547 
1078 0.021780235745579232 
1079 0.01602134386827772 
1080 0.01405933687350979 
1081 0.016893138134625577 
1082 0.014842396174373267 
1083 0.014204244227203754 
1084 0.014891995355935765 
1085 0.01665084080062642 
1086 0.014616152228415885 
1087 0.01370954917126976 
1088 0.014566002446079784 
1089 0.013738752378918168 
1090 0.013792620389899446 
1091 0.013695155925308388 
1092 0.014172170976290949 
1093 0.0187948224756143 
1094 0.014150873467733678 
1095 0.014150536232035143 
1096 0.014112832700348816 
1097 0.015199879599295077 
1098 0.01544477249819096 
1099 0.014385995980001195 
1100 0.014181112557815703 
1101 0.013804255201384171 
1102 0.014579691559995268 
1103 0.01619980096615501 
1104 0.013836045043298741 
1105 0.013843867710691075 
1106 0.014008211317084596 
1107 0.013829716391509688 
1108 0.013705498359153566 
1109 0.013860816650739372 
1110 0.014150814724107317 
1111 0.0137735317810884 
1112 0.013850440226226075 
1113 0.014153633296571062 
1114 0.01375659763474359 
1115 0.013769616814149777 
1116 0.013834844463684909 
1117 0.014843953680047076 
1118 0.014353712431190635 
1119 0.015821807524973194 
1120 0.013929651235201809 
1121 0.015222891969545878 
1122 0.01372669932484543 
1123 0.01435986664832011 
1124 0.013781690852876767 
1125 0.014307229577559104 
1126 0.014877978028985928 
1127 0.014776106175080947 
1128 0.014384659601811475 
1129 0.015276787131478264 
1130 0.01378578453430403 
1131 0.013756268612660497 
1132 0.01440813060858381 
1133 0.014977699742630347 
1134 0.014192173765776648 
1135 0.013890892777863246 
1136 0.014043305670853403 
1137 0.01930325056035843 
1138 0.014452585903751435 
1139 0.01413167058178105 
1140 0.014505347290276019 
1141 0.013705191297157762 
1142 0.0142461324666929 
1143 0.014937494889690843 
1144 0.01375819437816836 
1145 0.013876435252554291 
1146 0.014193342585268791 
1147 0.014371327021912567 
1148 0.014134901226993912 
1149 0.014444217966644678 
1150 0.013634221532236979 
1151 0.01385596661912073 
1152 0.015041715345593667 
1153 0.013883941994993996 
1154 0.01402577003052728 
1155 0.01361478833205897 
1156 0.01498124492877784 
1157 0.01458235407769264 
1158 0.013713581087574075 
1159 0.014411772999301542 
1160 0.015721410628563557 
1161 0.014292762239043088 
1162 0.01413544434066683 
1163 0.015291129293360146 
1164 0.014115157238379314 
1165 0.01782705562323675 
1166 0.016269434827742704 
1167 0.014244317165833997 
1168 0.01435691236841906 
1169 0.014200977030468397 
1170 0.015104893816474734 
1171 0.014095873783457625 
1172 0.014136207787746309 
1173 0.01797180530113962 
1174 0.013687112175977975 
1175 0.01680634381728351 
1176 0.01411492678855252 
1177 0.014141783952477454 
1178 0.018112053005497553 
1179 0.013741037816559208 
1180 0.013713782419520669 
1181 0.013983733407336408 
1182 0.013658314920006416 
1183 0.013809540323203954 
1184 0.013965341914531757 
1185 0.013679937528426165 
1186 0.013673814402814332 
1187 0.0138910579322106 
1188 0.013770335207170536 
1189 0.014019433706504592 
1190 0.014530102660866101 
1191 0.01486143923218446 
1192 0.013800794252394994 
1193 0.013919037068391756 
1194 0.014700377370187465 
1195 0.017037166559676444 
1196 0.014051605075396703 
1197 0.01419597159971367 
1198 0.014853714647466385 
1199 0.014055735482661348 
1200 0.01443974864154919 
1201 0.014145810794484539 
1202 0.013756431019522591 
1203 0.014379235757331441 
1204 0.015970101476015776 
1205 0.014638366918174927 
1206 0.014762613328220828 
1207 0.015382656316267387 
1208 0.014930457818713893 
1209 0.016689981321748065 
1210 0.013807976192533619 
1211 0.013997830665318088 
1212 0.015877429785076703 
1213 0.014885463467071943 
1214 0.013879171342753977 
1215 0.013674638210400008 
1216 0.015426017949203135 
1217 0.01402163735241595 
1218 0.014879949769371263 
1219 0.014271222091428651 
1220 0.013891535257003474 
1221 0.014429784327894364 
1222 0.016412943007342563 
1223 0.013705384408283984 
1224 0.015179303689976593 
1225 0.014032635309422881 
1226 0.014187159821421762 
1227 0.015707395607079438 
1228 0.01439651384904622 
1229 0.013732202733880667 
1230 0.014193064443885746 
1231 0.013861660923048743 
1232 0.014172113928742515 
1233 0.014362226204702584 
1234 0.014272726049634718 
1235 0.013991721624342713 
1236 0.013870178801885003 
1237 0.013631094039035372 
1238 0.01365737013296867 
1239 0.014689438806362535 
1240 0.01603177301504062 
1241 0.014652600341766686 
1242 0.014796689924222813 
1243 0.017491486196111766 
1244 0.01402583853003956 
1245 0.014291670025261802 
1246 0.013731017835200521 
1247 0.015851860997755925 
1248 0.015511810291598274 
1249 0.014961208219761983 
1250 0.014612655014744319 
1251 0.013896141760960467 
1252 0.015007539858501668 
1253 0.01880491222039104 
1254 0.01440478953452557 
1255 0.01454851433980483 
1256 0.01530472643744099 
1257 0.013813252001960956 
1258 0.01440870611881956 
1259 0.014794429617353168 
1260 0.01369998762152317 
1261 0.014130069692346195 
1262 0.014141740901055789 
1263 0.014067240048738659 
1264 0.013987171223676112 
1265 0.01396414064715845 
1266 0.01366057431484162 
1267 0.017267466685927043 
1268 0.014190441922437253 
1269 0.01382571295657983 
1270 0.016563744441515253 
1271 0.013686521819410245 
1272 0.01398664806720829 
1273 0.01394568612586006 
1274 0.013854979443667826 
1275 0.013855477907857789 
1276 0.014043061503210202 
1277 0.013652546589668862 
1278 0.01399355718085587 
1279 0.013772586417850119 
1280 0.01507748286223564 
1281 0.0143603311921412 
1282 0.01388199750241846 
1283 0.014377775053187764 
1284 0.013925740686037188 
1285 0.01467944832612392 
1286 0.014186185633752535 
1287 0.013935871840364634 
1288 0.014264808915406291 
1289 0.01406435612443998 
1290 0.014813779362822374 
1291 0.013808258575555362 
1292 0.015861647442314074 
1293 0.014256275541335618 
1294 0.013828394468424739 
1295 0.015974512468044717 
1296 0.01565913159460854 
1297 0.016254658650364316 
1298 0.015260813004196277 
1299 0.013722104655037166 
1300 0.014017825817130219 
1301 0.013891868831262786 
1302 0.013772254507774648 
1303 0.014255804923396963 
1304 0.014163800905000192 
1305 0.014755212293721936 
1306 0.01377262344802275 
1307 0.015533134250044418 
1308 0.013797112503219603 
1309 0.013661573237930406 
1310 0.013699488784067581 
1311 0.014456505386599799 
1312 0.013878788795993054 
1313 0.014203660322024282 
1314 0.016978888043519564 
1315 0.014464802984227651 
1316 0.013841917584769903 
1317 0.013689729573152499 
1318 0.01360497767611767 
1319 0.01367884925840928 
1320 0.015600263468908932 
1321 0.014660510533657828 
1322 0.015710740936752027 
1323 0.01439303445313318 
1324 0.013945459750971872 
1325 0.014122393680918117 
1326 0.01394802972554274 
1327 0.014199080821247191 
1328 0.01362928181603783 
1329 0.015802505531895297 
1330 0.01369052834488191 
1331 0.013610602567327245 
1332 0.014806815796772722 
1333 0.014086610407608054 
1334 0.014145350284875267 
1335 0.01664140461027055 
1336 0.014807854449717377 
1337 0.013768250858103476 
1338 0.013950291124009124 
1339 0.01374205297030965 
1340 0.016823713776088434 
1341 0.013930732359819903 
1342 0.015512883309860592 
1343 0.013634949541118132 
1344 0.016640168185052585 
1345 0.01434176582574799 
1346 0.013686276531221415 
1347 0.01377768042275166 
1348 0.013558374214547465 
1349 0.017764779151409178 
1350 0.014423339401318543 
1351 0.016965534777563927 
1352 0.014174404273012715 
1353 0.013904702518133933 
1354 0.01555592789913369 
1355 0.014684982210953233 
1356 0.013760896575978938 
1357 0.014169238793689733 
1358 0.014660170643382117 
1359 0.014035790124081888 
1360 0.0136593518453748 
1361 0.013918709532840825 
1362 0.01428661205799419 
1363 0.014144678375923326 
1364 0.013643313904139535 
1365 0.01475578534355941 
1366 0.013819696134636406 
1367 0.014754939848489641 
1368 0.017172690165315443 
1369 0.017247574976051158 
1370 0.015149034606119988 
1371 0.015778832517490418 
1372 0.013578997258947473 
1373 0.015565167376052298 
1374 0.01437305603385075 
1375 0.013893941668340766 
1376 0.013724349881122573 
1377 0.013558527802196076 
1378 0.01398510830606557 
1379 0.013944819629327424 
1380 0.013764938807185599 
1381 0.014760658276732806 
1382 0.013830622253786274 
1383 0.0135744942919922 
1384 0.014167835778401729 
1385 0.014063612063535982 
1386 0.014468073449256488 
1387 0.014492910770574758 
1388 0.013738003376544407 
1389 0.014799922939932144 
1390 0.014499218236409714 
1391 0.01391020028441412 
1392 0.014104888802934755 
1393 0.01486272022216524 
1394 0.0136628077808163 
1395 0.013558867847548603 
1396 0.014336858576798653 
1397 0.013983677520738797 
1398 0.01358842308427827 
1399 0.015661011995503134 
1400 0.0138924973403752 
1401 0.018143952595974587 
1402 0.013786968877505941 
1403 0.014260850763336549 
1404 0.015297214744044942 
1405 0.013912333225772653 
1406 0.014510865740509365 
1407 0.014508278723283797 
1408 0.01460104481001936 
1409 0.014695126011969683 
1410 0.01459720829013816 
1411 0.014258674533565566 
1412 0.013655625689592466 
1413 0.013703662653252213 
1414 0.013673074853522553 
1415 0.01424689872172407 
1416 0.014022907404856108 
1417 0.013993812345883174 
1418 0.014001323792502742 
1419 0.01659182109028573 
1420 0.013653202601659083 
1421 0.01409468015390475 
1422 0.014817382565171672 
1423 0.015522503368579823 
1424 0.0159195946322034 
1425 0.013835088373323385 
1426 0.01460660706156739 
1427 0.01365626951886668 
1428 0.015737518868017445 
1429 0.013716168163073538 
1430 0.01412842483166188 
1431 0.014809771232539622 
1432 0.014177091860669504 
1433 0.01567071061388133 
1434 0.01442891172427099 
1435 0.01463332921064433 
1436 0.0136609261427417 
1437 0.014302926263268281 
1438 0.01579372201452582 
1439 0.013789674621645832 
1440 0.014919080460467558 
1441 0.013681135480426375 
1442 0.014814161817547222 
1443 0.022620753405671233 
1444 0.01427557758029642 
1445 0.01379702138035694 
1446 0.01439444677381236 
1447 0.013664822930590011 
1448 0.015362690549040726 
1449 0.013668055953246667 
1450 0.015538610722201526 
1451 0.014121339510355187 
1452 0.013678887377028699 
1453 0.019618441019132234 
1454 0.014617489480491986 
1455 0.014140823760695384 
1456 0.015629543370371857 
1457 0.013781873313580701 
1458 0.01374091173222626 
1459 0.01395872950919005 
1460 0.014127498035351302 
1461 0.015524209834776218 
1462 0.016604778755521583 
1463 0.014163412751091599 
1464 0.016219228232421324 
1465 0.014059812304744127 
1466 0.01440640765790679 
1467 0.014231045449012504 
1468 0.014308084619609926 
1469 0.014576363818800233 
1470 0.014277639974015375 
1471 0.014903673627277044 
1472 0.01627354495226951 
1473 0.013542538419688475 
1474 0.018096699369222577 
1475 0.013798335857649885 
1476 0.013622652491940033 
1477 0.013848766987857673 
1478 0.01521852562379472 
1479 0.014486949644375548 
1480 0.01381497786776949 
1481 0.016191735285859654 
1482 0.014107278608128965 
1483 0.01649525248394147 
1484 0.013691067367861126 
1485 0.014600810757327496 
1486 0.013903486123262433 
1487 0.01458107122087304 
1488 0.015408574939942759 
1489 0.013855283397989302 
1490 0.015810133599587276 
1491 0.013808459098775176 
1492 0.013725781213599441 
1493 0.01446836615814538 
1494 0.014423294586215643 
1495 0.017197681983632255 
1496 0.01635577067898377 
1497 0.014401781959727748 
1498 0.015129815521249009 
1499 0.015192984807913697 
1500 0.014750949008935919 
1501 0.013671200419846628 
1502 0.014066315881490621 
1503 0.01424806633100389 
1504 0.020830896542171407 
1505 0.01434687749851858 
1506 0.01463034421572537 
1507 0.013841769195999276 
1508 0.013813533943980811 
1509 0.013958205149816917 
1510 0.015515585245639995 
1511 0.013518692026428027 
1512 0.014076204991479609 
1513 0.014161946798298707 
1514 0.013722918258453986 
1515 0.015104407141176477 
1516 0.01569389253651762 
1517 0.014950670977431139 
1518 0.013865981616986189 
1519 0.01591199477495374 
1520 0.015894233813097295 
1521 0.013965774007804037 
1522 0.014046556867110201 
1523 0.014497459308217164 
1524 0.015448327879208225 
1525 0.013768609049212939 
1526 0.01373057390870429 
1527 0.015171805731056252 
1528 0.017747923346523534 
1529 0.014192266752761671 
1530 0.014579855477940848 
1531 0.0141975253820602 
1532 0.013629185090609237 
1533 0.013652570565559618 
1534 0.013746397611131137 
1535 0.013743655924737384 
1536 0.015596891094067165 
1537 0.016232502744125268 
1538 0.01426189246411282 
1539 0.014319221053548267 
1540 0.01572266318473835 
1541 0.015261024041813016 
1542 0.014305437985923418 
1543 0.015612871367492084 
1544 0.014401591993858329 
1545 0.01772414938191182 
1546 0.013599958826408118 
1547 0.01602571796153273 
1548 0.013632033013348971 
1549 0.014539640086114457 
1550 0.013650187855491935 
1551 0.01495074123493995 
1552 0.013646768379034427 
1553 0.01459465778129965 
1554 0.013664945184680187 
1555 0.014123471042462915 
1556 0.013665106566536456 
1557 0.013615278142938126 
1558 0.013690951181911493 
1559 0.014606681260055723 
1560 0.014624039494743295 
1561 0.015536807817859367 
1562 0.013793807167120479 
1563 0.013612913795524654 
1564 0.01663642971840317 
1565 0.014914815335454813 
1566 0.014222348734951361 
1567 0.0135983555705799 
1568 0.014545411959991256 
1569 0.015267236818664124 
1570 0.013998934330335314 
1571 0.013997806681129061 
1572 0.014527829473554021 
1573 0.013613349594663265 
1574 0.015357392228468842 
1575 0.014209932625729508 
1576 0.01567176583493302 
1577 0.014041720085507742 
1578 0.016673733627680792 
1579 0.014568892831855465 
1580 0.015786315949111868 
1581 0.01408764576521431 
1582 0.015227653485968409 
1583 0.014204712988548366 
1584 0.015313293766976056 
1585 0.014023892266564513 
1586 0.014395413747532677 
1587 0.013781907290611633 
1588 0.01621850701941444 
1589 0.013861299766685925 
1590 0.01400085029488285 
1591 0.013920492358926537 
1592 0.0159283872135461 
1593 0.01361603125812388 
1594 0.013646301074274577 
1595 0.013600208386770169 
1596 0.013975258341614063 
1597 0.014931690843293712 
1598 0.015817945752726017 
1599 0.013881058388175396 
1600 0.013619273395251992 
1601 0.015777051453924155 
1602 0.014388474739963302 
1603 0.014918679040805665 
1604 0.014062877181086226 
1605 0.014832374900149582 
1606 0.013859064554557883 
1607 0.017344088733944336 
1608 0.015091245591488672 
1609 0.015883690873297884 
1610 0.01474752320719594 
1611 0.014120539637179812 
1612 0.013739564212654829 
1613 0.014375062377073061 
1614 0.01747490893797463 
1615 0.014160339339724786 
1616 0.014717183348856836 
1617 0.013569209812388945 
1618 0.013925439212618733 
1619 0.013709020470427186 
1620 0.01412283965016062 
1621 0.013838565818734806 
1622 0.01374350203133751 
1623 0.015862560134050047 
1624 0.017245579618472017 
1625 0.013926958143728413 
1626 0.014552057877720148 
1627 0.01503976138354559 
1628 0.013655994562710216 
1629 0.015261825397538212 
1630 0.014155745640445548 
1631 0.013695641170308744 
1632 0.014294555419332345 
1633 0.015150102765106145 
1634 0.014425683914417026 
1635 0.013632300258822037 
1636 0.013739987662763655 
1637 0.019108859482363166 
1638 0.018629988389803884 
1639 0.014258192197143797 
1640 0.01484077731165151 
1641 0.014984440780890704 
1642 0.01572813643622122 
1643 0.013616235657413673 
1644 0.01370832476774935 
1645 0.016038884872960905 
1646 0.014194754086573965 
1647 0.013627595603368788 
1648 0.018480151721427796 
1649 0.01387990683678475 
1650 0.013689898234823918 
1651 0.01359838458944904 
1652 0.013758535860728546 
1653 0.014559941366538556 
1654 0.015132342539933629 
1655 0.015008984374939839 
1656 0.014272381991525886 
1657 0.015084661074359837 
1658 0.016687374332246183 
1659 0.01938119759991186 
1660 0.013853535427078453 
1661 0.014471098797530987 
1662 0.01372137310824633 
1663 0.015202788478141264 
1664 0.01565501079645859 
1665 0.013906209683952815 
1666 0.016491368759331902 
1667 0.013836736349491884 
1668 0.01437044185930564 
1669 0.013938227391078778 
1670 0.01942028434589551 
1671 0.015045891860108964 
1672 0.01361472918521452 
1673 0.019194590112529535 
1674 0.017008592901173646 
1675 0.013712692904331887 
1676 0.013576199472334934 
1677 0.014314768789449386 
1678 0.013683137555479776 
1679 0.013600027836994195 
1680 0.013703848761283114 
1681 0.014076583931407165 
1682 0.013596968640848913 
1683 0.01398645329445904 
1684 0.01448307822868976 
1685 0.014956905634702892 
1686 0.01433064985375674 
1687 0.01446120260470097 
1688 0.014257186588851766 
1689 0.014151857569918241 
1690 0.018332079859848 
1691 0.014176440735422555 
1692 0.013985452238790367 
1693 0.016100148781086343 
1694 0.014048612938392062 
1695 0.01440378276032806 
1696 0.013739515358489541 
1697 0.014906298893433055 
1698 0.01531917433296823 
1699 0.013681647043112104 
1700 0.013719400948501272 
1701 0.014305425197239175 
1702 0.0153237708959837 
1703 0.014177706947630134 
1704 0.014107677993087481 
1705 0.01404003106801723 
1706 0.013706874675407665 
1707 0.014026607585477793 
1708 0.013636323973673321 
1709 0.013543170118715784 
1710 0.015253487621857895 
1711 0.015986108277813132 
1712 0.014073945512296314 
1713 0.01368811207733886 
1714 0.016087340553378116 
1715 0.014012723815619152 
1716 0.015785811880063533 
1717 0.013898038664401934 
1718 0.01576736019523958 
1719 0.01363886036991929 
1720 0.013652804734652869 
1721 0.02065323319763411 
1722 0.013922043313406164 
1723 0.013899279740316626 
1724 0.015761907135123692 
1725 0.01426989699738117 
1726 0.019567437271229313 
1727 0.01562278916905658 
1728 0.015649081958375676 
1729 0.013920232461616456 
1730 0.013624877996584838 
1731 0.014704125585697014 
