1 5.059798348203038 
2 0.03921291164719941 
3 0.03188785217316354 
4 0.029160160744086682 
5 0.027965394301948318 
6 0.027231229638526974 
7 0.026847519473611255 
8 0.026403960838938076 
9 0.026302198225843666 
10 0.025691065099506683 
11 0.02545058201472335 
12 0.025162280487337624 
13 0.024789837765044807 
14 0.02464222622654373 
15 0.02434931531379125 
16 0.02410454331279609 
17 0.02393037830579584 
18 0.023955321655006297 
19 0.02363407608642922 
20 0.02341264807320245 
21 0.023266455831066048 
22 0.023233409443494196 
23 0.023118018948914295 
24 0.022768800857622035 
25 0.02262567682944669 
26 0.022754330004824776 
27 0.02247930009315922 
28 0.022284383275343794 
29 0.02221299029077778 
30 0.0221484289641201 
31 0.02209829267216447 
32 0.021978094778204896 
33 0.021792187122534973 
34 0.022009008404983033 
