1 5.059798348203039 
2 0.25614823141508586 
3 0.08937312746459752 
4 0.05619469620805062 
5 0.048336412415958735 
6 0.045360346528604524 
7 0.043529275543046024 
8 0.0419853878131574 
9 0.040671905698784976 
10 0.0394010338869517 
11 0.038399363626767595 
12 0.03732329245363941 
13 0.036454448748516596 
14 0.03570370026783966 
15 0.03490565433218234 
16 0.0342352528379393 
17 0.033623913894540544 
18 0.03308053953490136 
19 0.032572028300166346 
20 0.032134850254791354 
21 0.03171465343809364 
22 0.031329088710428096 
23 0.030997531588815047 
24 0.030682202745695452 
25 0.030404043407685516 
26 0.030133439590223656 
27 0.029888775566805713 
28 0.029670809543282252 
29 0.029473022243895287 
30 0.029280546797469463 
31 0.029110450260883887 
32 0.028960419769755778 
33 0.028792205099902168 
34 0.028681855631168342 
35 0.028538956969930526 
36 0.02841049098467255 
37 0.028318486111059672 
38 0.028191972550352797 
39 0.02809204746674826 
40 0.028022348791962737 
41 0.027909775694974395 
42 0.027835955396298073 
43 0.027760315535205065 
44 0.0277171519300554 
45 0.027608909844508537 
46 0.027529522207106128 
47 0.027465976110584926 
48 0.027404323101385512 
49 0.02733902241236557 
50 0.02728402706478787 
51 0.02722923376164773 
52 0.02720608742378339 
53 0.027127031144451415 
54 0.027069082892857466 
55 0.02700824845678954 
56 0.02696849885902701 
57 0.02692285769319875 
58 0.026892929811010397 
59 0.026829995026046164 
60 0.026774775393177196 
61 0.02673092875427908 
62 0.026689627145877786 
63 0.026648678741686905 
64 0.0266083481489858 
65 0.026567770007446 
66 0.02655073730419352 
67 0.02651692686593285 
68 0.026455682338929445 
69 0.026411777350203454 
70 0.026377178041813148 
71 0.026328174230560483 
72 0.026292510370523145 
73 0.026268960415578312 
74 0.02620677825198096 
75 0.026174030060979483 
76 0.02615207467356608 
77 0.02611086446407412 
78 0.026073787622793294 
79 0.026041231864976817 
80 0.02600128704573938 
81 0.025984478972271813 
82 0.02594562400071873 
83 0.02589837355779373 
84 0.025855791784311792 
85 0.025824224857945433 
86 0.025793831032962622 
87 0.02579323443136916 
88 0.02573893213488196 
89 0.02569963720729006 
90 0.02566505587823063 
91 0.025635395707217516 
92 0.025596678199633054 
93 0.02558151541763212 
94 0.025542163192950454 
95 0.025502707469128864 
96 0.0254939675019424 
97 0.025444582075389018 
98 0.025410597798278815 
99 0.025429493235968794 
100 0.025345892588098655 
101 0.025322687799778695 
102 0.02529000170416676 
103 0.025280740948454925 
104 0.02523909138452284 
105 0.025201297124126346 
106 0.02517179502533749 
107 0.025168935002818933 
108 0.025122488318590132 
109 0.0251160506001624 
110 0.025067983213772998 
111 0.025034078983553695 
112 0.025008824554243768 
113 0.02497209266953507 
114 0.024952947985627066 
115 0.024943058663066047 
116 0.02495125881312775 
117 0.024912758156967686 
118 0.02483686488362045 
119 0.02483924079613495 
120 0.024797998244398316 
121 0.024832528230462936 
122 0.02474791207732661 
123 0.024723242195011198 
124 0.02468535077625879 
125 0.02467200619250604 
126 0.024651160173671468 
127 0.024602267785647117 
128 0.02462934001558232 
129 0.024561188240594042 
130 0.024550847370702223 
131 0.02451900032144114 
132 0.024489965726815485 
133 0.024492649806659154 
134 0.02443291482695934 
135 0.02441276672550693 
136 0.024387119115606874 
137 0.02437301790810692 
138 0.024341901222115183 
139 0.02431813209539905 
140 0.0242997590165467 
141 0.024277581182848666 
142 0.024330704419317242 
143 0.02425485711590914 
144 0.024208373228702982 
145 0.02419534658652637 
146 0.02417901583201753 
147 0.024134328619650362 
148 0.024131836457778097 
149 0.024097713401995655 
150 0.02409797066955525 
151 0.024058980856334806 
152 0.02407638665915716 
153 0.024034233441427563 
154 0.02399829989976334 
155 0.023975741886458266 
156 0.023954528816852422 
157 0.023932882339343594 
158 0.023940438798696808 
159 0.023896830756158595 
160 0.023887142290903017 
161 0.023881588114727674 
162 0.023873706983447193 
163 0.023811982941147163 
164 0.02379181046324379 
165 0.02381795146497735 
166 0.023768907906201477 
167 0.023748922277929723 
168 0.023732523557660482 
169 0.023713759649504784 
170 0.023692824163734003 
171 0.023665744457841063 
172 0.023642916550633747 
173 0.023656008799111207 
174 0.023617218697001032 
175 0.023584464023208882 
176 0.02358641310007982 
177 0.023567008633019436 
178 0.023531023097947933 
179 0.023526267493925525 
180 0.023508256460268624 
181 0.0234942733246614 
182 0.02346023669594762 
183 0.023446946452869075 
184 0.02343831966392558 
185 0.023427374980894665 
186 0.023402276649124868 
187 0.023405108698892677 
188 0.02337913430211804 
189 0.02335800056198383 
190 0.02336763689895177 
191 0.023359387560883647 
192 0.0233282073721115 
193 0.023335351236677997 
194 0.023273726864424228 
195 0.023270857720997493 
196 0.02324798959684824 
197 0.023232880571830365 
198 0.023210998224040918 
199 0.02319259899732097 
200 0.023176270556436843 
201 0.023161634017875472 
202 0.02315005348202202 
203 0.0231297719718422 
204 0.023130393712900262 
205 0.023143273487522976 
