1 5.059798348203039 
2 2.0045063208265312 
3 1.0965953711357364 
4 0.7767831924396776 
5 0.6254315257038014 
6 0.5281437680084667 
7 0.4530767313504988 
8 0.39124938289726624 
9 0.33925504992216055 
10 0.29519565746476023 
11 0.25787293019066876 
12 0.2262144900740169 
13 0.19939293483765336 
14 0.17664393774233203 
15 0.15736612395164276 
16 0.14101033692712175 
17 0.1271407826754489 
18 0.11536730567062263 
19 0.10537095155696972 
20 0.09687607505971657 
21 0.08965037852896336 
22 0.08350041470586105 
23 0.0782623278639391 
24 0.07379232175561896 
25 0.06998144205757746 
26 0.06672252159193368 
27 0.06393303870283829 
28 0.06153955244245253 
29 0.05948136210453248 
30 0.05770879146392091 
31 0.05617650523609968 
32 0.054849975082774824 
33 0.053697872603945665 
34 0.052688725974779256 
35 0.051805114371125 
36 0.051031050031539446 
37 0.050346577967301374 
38 0.04973849287216453 
39 0.049197906318153115 
40 0.04870547791560959 
41 0.04826359960490002 
42 0.04786504909504513 
43 0.04750297367290747 
44 0.04715895140446948 
45 0.04684833216300166 
46 0.04655702632797523 
47 0.046285530210582126 
48 0.04602823123765086 
49 0.045787030435542664 
50 0.04555882014587266 
51 0.04533938281255813 
52 0.0451225191037648 
53 0.04492008454933457 
54 0.04472089472505841 
55 0.04452781854534645 
56 0.04434545630717485 
57 0.04416526764680343 
58 0.04399218094137478 
59 0.043818102598210486 
60 0.04364738632593737 
61 0.04348482388482969 
62 0.04331789716641665 
63 0.04316254635708589 
64 0.04300466862653454 
65 0.04284804395628411 
66 0.042691782924791075 
67 0.04253857787834989 
68 0.04239042041017285 
69 0.04224478853455861 
70 0.04209958976259571 
71 0.04195664923149997 
72 0.041813315558556156 
73 0.04167473353720727 
74 0.041538718788249926 
75 0.04140750146755488 
76 0.041269348759129486 
77 0.041133148474452715 
78 0.04100160013006148 
79 0.0408701836843784 
80 0.040743999772757215 
81 0.04061299248911421 
82 0.04048310647161636 
83 0.04036297119902477 
84 0.040236669127737316 
85 0.040114825121847504 
86 0.03999505550333293 
87 0.03987247456054323 
88 0.03975373940688617 
89 0.039635388235212225 
90 0.039517780284930255 
91 0.03939803507964466 
92 0.039286504544411106 
93 0.03917460860394783 
94 0.03906227526084316 
95 0.03895210023777257 
96 0.03883730053712342 
97 0.03873134568881345 
98 0.038623468879851595 
99 0.038513494088237794 
100 0.03841081138086764 
101 0.03830502395962461 
102 0.03820369135656498 
103 0.038100345572248645 
104 0.037997714091619325 
105 0.03789719057529473 
106 0.0377981572045164 
107 0.03770082687006965 
108 0.03760309343013931 
109 0.037508030668029387 
110 0.03741443240419086 
111 0.03731785438537938 
112 0.037223319682546684 
113 0.03713206558895585 
114 0.03704390195813355 
115 0.03694949450704788 
116 0.03685786406909095 
117 0.03676899860624122 
118 0.03668131846014399 
119 0.03659247887922144 
120 0.036507136214915685 
121 0.03642170082764496 
122 0.03633698502727101 
123 0.036253926751696516 
124 0.03616971541436759 
125 0.03608824728093069 
126 0.036006810668708915 
127 0.03592866719137882 
128 0.03584618558416352 
129 0.035768800235863776 
130 0.03569150264729258 
131 0.03561457135231452 
132 0.03553809415569402 
133 0.03546075002437979 
134 0.035386744369983514 
135 0.03531358372195195 
136 0.035241609834421136 
137 0.03516654017326823 
138 0.035093071523537245 
139 0.035022752062855024 
140 0.03495195311846642 
141 0.03488282633740056 
142 0.03480934179553366 
143 0.03473987900550349 
144 0.034673980413867156 
145 0.034606311269031985 
146 0.0345409350545488 
147 0.034475715791259964 
148 0.034407807195562384 
149 0.03434369207975859 
150 0.034278760174354266 
151 0.03421611474702337 
152 0.03415157279796616 
153 0.0340895854704915 
154 0.034029423433417 
155 0.03396905654694651 
156 0.03390819634148836 
157 0.033848710500288336 
158 0.03378664199601469 
159 0.03372775424842416 
160 0.03366923955848886 
161 0.03361200925397476 
162 0.033554436758467435 
163 0.03349981687048635 
164 0.0334445973734536 
165 0.03338717410356697 
166 0.03333330513682179 
167 0.03327805019727333 
168 0.03322476303311403 
169 0.03317123027373217 
170 0.03311794286792687 
171 0.03306567198729528 
172 0.03301561702313227 
173 0.032962611463829956 
174 0.03291254124280452 
175 0.032861449083783065 
176 0.032811032397686825 
177 0.032762179315076446 
178 0.03271340369420417 
179 0.032664868968812676 
180 0.03261575318765256 
181 0.032568815646421376 
182 0.032522228331099724 
183 0.03247585970224985 
184 0.032429261570049675 
185 0.03238313504938966 
186 0.032336761457889135 
187 0.03229192985546396 
188 0.03224744098108774 
189 0.0322034666671893 
190 0.03215974259329553 
191 0.03211581217391154 
192 0.032072636232153326 
193 0.032030639616897165 
194 0.03198883669927772 
195 0.03194657918688062 
196 0.03190613001007355 
197 0.031864758107514046 
198 0.03182337791554506 
199 0.03178391355609747 
200 0.03174409489534147 
201 0.03170528747031498 
202 0.03166574121301183 
203 0.03162811743877512 
204 0.03158842680399444 
205 0.03154996996397155 
206 0.03151279386021658 
207 0.03147547655432703 
208 0.031437811631199034 
209 0.03140176465300078 
210 0.03136586116871697 
211 0.03132991857631023 
212 0.031294427086251346 
213 0.03125862944047536 
214 0.03122380832529061 
215 0.031189168927601717 
216 0.031154709049515533 
217 0.031120507073244003 
218 0.031085984946148438 
219 0.0310529230106039 
220 0.031019252032016505 
221 0.030986511599925336 
222 0.030954468340378138 
223 0.030922155833838484 
224 0.030890048276446997 
225 0.030858292095445546 
226 0.030826882401989268 
227 0.030795769491473036 
228 0.030764893974184384 
229 0.030734725428163114 
230 0.030704671652873567 
231 0.030674524913977336 
232 0.030645440722811928 
233 0.03061516016125481 
234 0.030585873529077566 
235 0.030557300377225885 
236 0.03052826059817419 
237 0.0304999450997483 
238 0.030471797477427048 
239 0.0304430583083121 
240 0.030415874020829712 
241 0.0303882456156113 
242 0.03036146999196423 
243 0.030334458864527073 
244 0.030307312657080445 
245 0.030280321362477235 
246 0.030253911286741573 
247 0.03022800076833462 
248 0.030202136110511587 
249 0.030176314577212794 
250 0.030151229200341793 
251 0.030126090858397136 
252 0.03010112545336517 
253 0.0300767057050279 
254 0.030051781207599947 
255 0.030027749736575116 
256 0.03000415491035435 
257 0.02997968488787339 
258 0.02995580065694586 
259 0.029932171555383923 
260 0.029908692456607343 
261 0.029885577054988757 
262 0.029862854705383673 
263 0.029839864088714495 
264 0.029817094469672838 
265 0.029794739871027185 
266 0.029772641624731488 
267 0.029750594446071626 
268 0.029728719794466396 
269 0.02970714097968598 
270 0.029685720345141466 
271 0.02966447709217923 
272 0.02964363288921187 
273 0.02962260239028898 
274 0.02960161481171296 
275 0.02958110787292785 
276 0.029560956114359715 
277 0.02954076339724055 
278 0.029520486996680903 
279 0.029500510131872004 
280 0.029480784754161722 
281 0.029461182196456888 
282 0.029441679900184568 
283 0.029422406841069216 
284 0.02940322282480804 
285 0.029384258228460487 
286 0.029365412255193974 
287 0.02934677918531653 
288 0.029328379871342257 
289 0.029310133091345416 
290 0.029291728507973333 
291 0.029273637350240626 
292 0.029255797345145742 
293 0.029237987167675 
294 0.029220274463890417 
295 0.0292027883357578 
296 0.029185453912734333 
297 0.02916830793710293 
298 0.029151118848815764 
299 0.02913431108970035 
300 0.029117378062304123 
301 0.029100725168312396 
302 0.02908408988865761 
303 0.029067605374193624 
304 0.029051385612139814 
305 0.02903506009257988 
306 0.029018908684349573 
307 0.029002950210236536 
308 0.028987197387491413 
309 0.02897140794108659 
310 0.02895590141831002 
311 0.028940470976347957 
312 0.028925059952824107 
313 0.028909848547923018 
314 0.02889474320108834 
315 0.02887967267820419 
316 0.02886506451004065 
317 0.028849966408584636 
318 0.028835529683515 
319 0.028820725328404604 
320 0.028806479977243712 
321 0.028792026805635623 
322 0.028777481521792787 
323 0.028763472325424096 
324 0.028749508475939496 
325 0.028735357403996103 
326 0.028721430748176964 
327 0.028707710811738923 
328 0.028694008847694352 
329 0.028680423052339553 
330 0.028666951151467918 
331 0.02865369471916597 
332 0.02864038464133064 
333 0.028627184089074637 
334 0.028614415132165276 
335 0.028601143155385363 
336 0.028588117891272042 
337 0.0285751853462822 
338 0.028562532342218436 
339 0.028550184664988706 
340 0.0285374821085264 
341 0.02852491648276632 
342 0.02851261904779217 
343 0.028500842355856867 
344 0.02848880951608171 
345 0.028476416922961146 
346 0.02846472963354417 
347 0.028452487968336618 
348 0.028440260870318673 
349 0.028428277663105142 
350 0.028416899702810406 
351 0.02840502798634568 
352 0.02839358137373273 
353 0.028382208664157218 
354 0.028370739605691007 
355 0.028359263278412625 
356 0.028347974614744264 
357 0.028336876194881323 
358 0.0283262064484529 
359 0.02831466581890059 
360 0.028303482445175734 
361 0.028293039239534606 
362 0.028282267624672404 
363 0.02827176293213265 
364 0.028260974631644033 
365 0.0282502841577599 
366 0.028239590591315505 
367 0.02822904245188016 
368 0.028219134544498873 
369 0.028209587474636758 
370 0.028198497693186254 
371 0.02818790503386409 
372 0.028177509461740753 
373 0.028167116044671616 
374 0.028157119751106387 
375 0.028147190040839216 
376 0.02813742983389121 
377 0.028127993390850713 
378 0.028117834299485497 
379 0.028108472099918423 
380 0.02809859046376465 
381 0.02808916279602886 
382 0.028079511568602028 
383 0.028070253778018247 
384 0.02806087191075935 
385 0.028052310827223016 
386 0.02804166646667304 
387 0.028032826351432102 
388 0.028022866351533535 
389 0.028013881789469456 
390 0.028005372201141937 
391 0.027995504986991625 
392 0.02798689654344272 
393 0.027978529861974924 
394 0.027969125379605397 
395 0.02796000849212997 
396 0.027951261694381422 
397 0.027942731786643644 
398 0.027933643740131322 
399 0.027924840469620488 
400 0.02791637140383802 
401 0.027907413448898143 
402 0.027899257243601688 
403 0.027890686198508638 
404 0.027882372671478906 
405 0.027874316640376536 
406 0.027865859864427012 
407 0.02785833853144536 
408 0.027850022450402672 
409 0.02784150392553745 
410 0.02783322853316289 
411 0.027824977922102007 
412 0.027816480674936576 
413 0.027808847948852217 
414 0.027801377256890282 
415 0.027793252245200187 
416 0.027786121184021163 
417 0.02777821127097592 
418 0.02777037356123996 
419 0.027762113110343125 
420 0.02775373935943925 
421 0.02774624582491082 
422 0.02773836267975567 
423 0.02773026190183702 
424 0.027722758759731903 
425 0.027715800872982668 
426 0.027708058087901714 
427 0.027700644154523512 
428 0.0276928365349422 
429 0.027684783316759855 
430 0.027677068601683275 
431 0.027670616645526298 
432 0.027663370779268063 
433 0.027656309883814446 
434 0.027649301372521588 
435 0.02764120545078457 
436 0.027634413699284256 
437 0.027627171401454244 
438 0.027619991609696172 
439 0.02761261816421416 
440 0.027606049748921897 
441 0.027599538600625022 
442 0.02759244972154139 
443 0.027585556614872008 
444 0.027578783899570056 
445 0.027570360646488847 
446 0.027563895921735564 
447 0.027556274363570003 
448 0.027549539831137566 
449 0.027543016270466195 
450 0.027537095560022436 
451 0.027530421454591288 
452 0.027523556159849204 
453 0.027516269485090176 
454 0.027509924630635955 
455 0.02750367930559337 
456 0.02749639566522667 
457 0.02749028145561974 
458 0.02748374893013719 
459 0.027476800851228597 
460 0.02747105884742921 
461 0.0274649399361537 
462 0.027457855221150414 
463 0.02745137550070618 
464 0.027445157134683824 
465 0.02743848076001655 
466 0.02743275715334164 
467 0.02742636391426513 
468 0.02742060156777562 
469 0.027414844308949762 
470 0.027407689027642117 
471 0.027401787059724007 
472 0.02739537749426587 
473 0.02738934711239898 
474 0.027383146497286542 
475 0.027376493209846024 
476 0.02737142031997662 
477 0.02736447818024797 
478 0.02735896731721642 
479 0.027352744220935938 
480 0.027347083134950798 
481 0.027342068570604103 
482 0.027335265798009063 
483 0.027329469080326924 
484 0.027323516582399704 
485 0.027318439220477556 
486 0.027312278746955347 
487 0.02730647555890006 
488 0.02730071302771276 
489 0.027294634814880266 
490 0.02728887799458828 
491 0.027282236540546616 
492 0.027276694931994392 
493 0.027271886631039105 
494 0.02726493953575665 
495 0.02725982720795355 
496 0.027254042867205543 
497 0.02724813227055414 
498 0.02724382263907131 
499 0.0272367205944153 
500 0.02723160216383021 
501 0.02722518334155778 
502 0.0272201342055515 
503 0.027214579756230678 
504 0.027207974276954355 
505 0.027202362437643565 
506 0.027197086828898143 
507 0.027191792391682918 
508 0.027186347907519313 
509 0.027180794106586824 
510 0.02717569346101334 
511 0.02717109121626386 
512 0.02716629342323855 
513 0.027159822637583795 
514 0.027156284221649556 
515 0.027150219497159463 
516 0.027144436412589453 
517 0.027138511776418194 
518 0.027132749485459046 
519 0.027128429051896545 
520 0.027123538585136917 
521 0.027118666847855615 
522 0.02711242822861194 
523 0.027107635014250953 
524 0.027101852201015856 
525 0.02709761675341298 
526 0.027092264453577854 
527 0.027087061145896645 
528 0.02708094103313034 
529 0.027076796470332357 
530 0.027071784407081703 
531 0.027066236881886266 
532 0.02706191443182596 
533 0.027055721090750627 
534 0.027051737543196373 
535 0.027046177075353728 
536 0.02704147912939767 
537 0.027036314288276832 
538 0.027031127932638004 
539 0.027025681756651626 
540 0.027020880538945722 
541 0.027015698083911212 
542 0.02701209536657142 
543 0.027006825849407983 
544 0.027001378142234148 
545 0.026996562612101985 
546 0.026990890835003542 
547 0.026985444236001143 
548 0.02698062011691193 
549 0.026975569542469567 
550 0.02697117952577041 
551 0.026966376674047568 
552 0.026962477825742612 
553 0.02695753763121652 
554 0.026952261242792805 
555 0.026947286739747688 
556 0.026943272228265435 
557 0.02693830719618652 
558 0.026932341731480427 
559 0.02692841065326412 
560 0.026923479698942425 
561 0.026917612532912402 
562 0.026913492698929082 
563 0.026908414358351344 
564 0.026905208587837615 
565 0.026900184232252572 
566 0.02689486957033975 
567 0.026890128989382072 
568 0.026886649475558203 
569 0.02688139162689013 
570 0.02687631039474316 
571 0.02687194266326371 
572 0.026867297688032015 
573 0.026862424194987897 
574 0.026857764992977626 
575 0.026853426943687687 
576 0.026848799438341495 
577 0.02684395831720734 
578 0.026839759680988572 
579 0.026835401065319172 
580 0.026830585455799364 
581 0.02682665186275537 
582 0.0268212763499952 
583 0.0268176712927945 
584 0.026811722813770932 
585 0.026807266130683127 
586 0.026803853019613775 
587 0.02679976174527593 
588 0.026795013489701727 
589 0.026791381990440788 
590 0.026786229710489544 
591 0.026780720734282726 
592 0.026775876814381355 
593 0.026772871393346373 
594 0.026766596743972262 
595 0.02676260038832956 
596 0.02675910044290739 
597 0.02675390502051357 
598 0.026749715906939395 
599 0.026745874057267877 
600 0.02674190028432244 
601 0.02673778284065431 
602 0.026733048527973226 
603 0.026727559503487198 
604 0.02672375370570394 
605 0.026718490316432884 
606 0.026714614001000087 
607 0.026709491391004956 
608 0.026706087730589353 
609 0.026701320468508066 
610 0.026697111148028353 
611 0.026692915917943053 
612 0.026690129343135482 
613 0.026686751597301973 
614 0.0266827316721992 
615 0.026676483025884067 
616 0.026672355656029823 
617 0.0266683881592724 
618 0.026664418842514054 
619 0.026660775398815336 
620 0.026655465363008123 
621 0.02665096224829902 
622 0.02664703980275425 
623 0.026642407067458886 
624 0.02663889785222392 
625 0.02663449945622689 
626 0.026631466447966365 
627 0.026626333807279905 
628 0.0266212315590674 
629 0.026617077860238196 
630 0.026613226503425794 
631 0.02660847604943233 
632 0.026604577924233524 
633 0.0266008777420081 
634 0.0265964133800249 
635 0.02659306835038549 
636 0.026587434243707787 
637 0.0265846370460285 
638 0.02657922981785654 
639 0.02657573964336917 
640 0.02657095838392835 
641 0.02656801040857457 
642 0.026563162754648397 
643 0.026559769585799906 
644 0.0265560783334443 
645 0.026552923446320858 
646 0.026547574491967783 
647 0.026544321768096107 
648 0.02654045998226003 
649 0.02653553529030728 
650 0.02652971177698185 
651 0.026526267087273563 
652 0.02652293732515269 
653 0.02651857014983418 
654 0.02651489440342505 
655 0.026511276399790926 
656 0.026506619931486557 
657 0.02650272861526971 
658 0.026499077306230946 
659 0.026494063206456177 
660 0.02649022534824996 
661 0.02648728592668738 
662 0.02648300028628921 
663 0.026479766019100966 
664 0.02647505007169949 
665 0.02647082279867742 
666 0.02646622174052595 
667 0.026462381267059572 
668 0.026457968011033423 
669 0.02645412246928786 
670 0.026450057613683395 
671 0.026444376983223036 
672 0.02644165454036047 
673 0.02643821363121214 
674 0.026434343826923203 
675 0.026429831194057174 
676 0.026425715767296184 
677 0.02642257457191368 
678 0.02641944788126184 
679 0.026416043927138803 
680 0.026412284600075695 
681 0.026408178166709366 
682 0.026402887271738576 
683 0.026400253178741378 
684 0.026395874950770268 
685 0.026391452825686588 
686 0.026389053672558952 
687 0.02638389053750403 
688 0.02638048907126996 
689 0.026376089128883267 
690 0.026372109775624698 
691 0.02636960720180155 
692 0.026365511287466233 
693 0.02636273705779522 
694 0.026359191811220102 
695 0.026353977607561488 
696 0.026349851412113275 
697 0.026344850762055887 
698 0.02634122763761172 
699 0.026337241729074635 
700 0.02633335016637461 
701 0.02633083305202947 
702 0.026326371270375574 
703 0.026322488709467986 
704 0.026319073312610488 
705 0.026315764171547466 
706 0.026312146369725953 
707 0.02630814891602386 
708 0.02630407700027222 
709 0.026301048797426733 
710 0.026295551148038714 
711 0.026291589658059552 
712 0.026287293816234295 
713 0.026285352955965697 
714 0.026280605863686503 
715 0.0262769093747103 
716 0.026272094397073984 
717 0.02626835222667336 
718 0.026264787329949052 
719 0.026260414645396947 
720 0.02625790881590754 
721 0.026255531550430998 
722 0.02625222825997286 
723 0.02624791482681988 
724 0.02624306301924181 
725 0.02623914476170802 
726 0.026236190861803847 
727 0.02623284469184157 
728 0.02622839000242028 
729 0.026224327569115174 
730 0.026220873291718728 
731 0.02621801722831409 
732 0.02621397402534099 
733 0.026209667512062138 
734 0.026206884203066362 
735 0.026204312001364104 
736 0.02619810195613485 
737 0.026195198069338618 
738 0.02619169988950073 
739 0.026189060794367027 
740 0.026185258831703993 
741 0.026182651051609808 
742 0.026178075690805387 
743 0.026173588749605046 
744 0.026169522648354655 
745 0.026166098572925296 
746 0.026162331980024454 
747 0.02615957276357291 
748 0.026155660292797325 
749 0.026151156310121763 
750 0.026147679329709593 
751 0.02614309957355525 
752 0.026140135618410033 
753 0.02613768530274011 
754 0.026132845928344785 
755 0.0261301328057963 
756 0.026127190092852 
757 0.02612245717709495 
758 0.026118438004609387 
759 0.026115250685614842 
760 0.026111118859562514 
761 0.026108707599031708 
762 0.026105034318508295 
763 0.026101435716949187 
764 0.026096994871999776 
765 0.026094432038523917 
766 0.02609077205304344 
767 0.02608784750682405 
768 0.02608384107279535 
769 0.026079944965740457 
770 0.026076676894111937 
771 0.02607316202239465 
772 0.026068545303389805 
773 0.02606427344684231 
774 0.026060465735324636 
775 0.026057235112021182 
776 0.026055296059213105 
777 0.026051208189082832 
778 0.026047655892245593 
779 0.026044365005555056 
780 0.02604012724029966 
781 0.026036173788351664 
782 0.026032023903489063 
783 0.026028524172788343 
784 0.026024419590306762 
785 0.026021565983635628 
786 0.026018830359774335 
787 0.026014837650229303 
788 0.026011029198559164 
789 0.02600780804639934 
790 0.026004832075355394 
791 0.026001744328202788 
792 0.025998677337563992 
793 0.025995393166339437 
794 0.02599130366087662 
795 0.02598873503360724 
796 0.025985208063000607 
797 0.025980367927816057 
798 0.025977194169128585 
799 0.025973942638328685 
800 0.02597053867492133 
801 0.025966373451413942 
802 0.0259630079905448 
803 0.02595906149628902 
804 0.025955315059057467 
805 0.02595239538116421 
806 0.025949699416966142 
807 0.025945443751790247 
808 0.025941449490421462 
809 0.025939056936932662 
810 0.025934943369860127 
811 0.025930733478563412 
812 0.0259273597006508 
813 0.025924365967836444 
814 0.02592145872444479 
815 0.025918845240319677 
816 0.025914930757530284 
817 0.025911538090768113 
818 0.025908467418575533 
819 0.02590371081469456 
820 0.025900234230106785 
821 0.02589632138201796 
822 0.025893005905199915 
823 0.02588991757690833 
824 0.025887272579096635 
825 0.025882502216544333 
826 0.025880050411513766 
827 0.025878542087459742 
828 0.025874029608577667 
829 0.02586910399792331 
830 0.025867059143094513 
831 0.025864480398832677 
832 0.025861214576450017 
833 0.02585704788560053 
834 0.02585375445187206 
835 0.025848878699487682 
836 0.025845132276912368 
837 0.025842621278740967 
838 0.025839020867759247 
839 0.025837979161878376 
840 0.02583387506783627 
841 0.025830557422953426 
842 0.025826523225549063 
843 0.02582269618744283 
844 0.02581993979054049 
845 0.02581581365991566 
846 0.025812372232376674 
847 0.02581023302889439 
848 0.025807411517859702 
849 0.025803837559024947 
850 0.025800327282025023 
851 0.025794636604953916 
852 0.025791939264545635 
853 0.025788791860727172 
854 0.025785679396435477 
855 0.025783068566863507 
856 0.02577974202369162 
857 0.025775729880970606 
858 0.02577189369708509 
859 0.025768226234365768 
860 0.025765999424715438 
861 0.02576341488261586 
862 0.02575985177783152 
863 0.025756347157168454 
864 0.025752577892654865 
865 0.02574855872424182 
866 0.025744946764205037 
867 0.025742272854134864 
868 0.02573871578080474 
869 0.025735466418750547 
870 0.025731846245762142 
871 0.025728210106125703 
872 0.025725153239138314 
873 0.025721958042635645 
874 0.025718819176671934 
875 0.025715286405048523 
876 0.025712095061786955 
877 0.025708365037670693 
878 0.025706230663228597 
879 0.025703124456498482 
880 0.0256996009814917 
881 0.02569614667135884 
882 0.025693250650907214 
883 0.025689640073571444 
884 0.025685673365881564 
885 0.025682247556360074 
886 0.02568122602310957 
887 0.025678117660141726 
888 0.025674923486882738 
889 0.02567208617165625 
890 0.025668776030867094 
891 0.025664355125556596 
892 0.02566106585914356 
893 0.025657059803620565 
894 0.02565426031653015 
895 0.0256512820368544 
896 0.02564821294094985 
897 0.02564599890802706 
898 0.02564293317715177 
899 0.025639645989061915 
900 0.02563613632889203 
901 0.02563274672750947 
902 0.025630168238985698 
903 0.025626731635322864 
904 0.025624329794218675 
905 0.025619476940563282 
906 0.025616355351281164 
907 0.025612445099019738 
908 0.025608642134191756 
909 0.025607612185831716 
910 0.025602562946214692 
911 0.02559918094881958 
912 0.025597284203227617 
913 0.025592774116366866 
914 0.02559015409325687 
915 0.025587070957135163 
916 0.02558488271257401 
917 0.02558030852523492 
918 0.02557800753172111 
919 0.02557523254447981 
920 0.02557236091562036 
921 0.02556908806288882 
922 0.025565806948579656 
923 0.025562860420535873 
924 0.025559128684886197 
925 0.025555983906919676 
926 0.025552377745654622 
927 0.025548620576376926 
928 0.025545346352122047 
929 0.02554269661912171 
930 0.02553965581697592 
931 0.02553664159521491 
932 0.025533649874854934 
933 0.025530767738480387 
934 0.02552706538056613 
935 0.025523885260742212 
936 0.02552140618680217 
937 0.02551681154609427 
938 0.025513337104511136 
939 0.025510236074070745 
940 0.025507805649235434 
941 0.025504761474222166 
942 0.02550159491585795 
943 0.025498325595078686 
944 0.025494833772538705 
945 0.02549239001591348 
946 0.025489540707135806 
947 0.025486162905022227 
948 0.02548360017447925 
949 0.025479924263319874 
950 0.025476867693789502 
951 0.02547334882917221 
952 0.02547077525444373 
953 0.02546742563659157 
954 0.02546415804040338 
955 0.025460608641283484 
956 0.02545663378075055 
957 0.025454538159904012 
958 0.02545213077627165 
959 0.025448451912693768 
960 0.025446931633650506 
961 0.025444304825230177 
962 0.025439644931229126 
963 0.025437399079382573 
964 0.025432521381815062 
965 0.025429314161305058 
966 0.02542677993203065 
967 0.025424504844073385 
968 0.025421166689586657 
969 0.025417264671174496 
970 0.02541479281927659 
971 0.025412501696745544 
972 0.025408491777170236 
973 0.025406097687944013 
974 0.02540204914235363 
975 0.025399774867674852 
976 0.025397017394739003 
977 0.025395177150085338 
978 0.025391023548411062 
979 0.025388127070156634 
980 0.025384490545195256 
981 0.025382036918250726 
982 0.025378205476519974 
983 0.02537552469555202 
984 0.025372369595622172 
985 0.025369562125150895 
986 0.02536549913431684 
987 0.025364505360325314 
988 0.025360931658814697 
989 0.025358107676982912 
990 0.02535472760224597 
991 0.025350971513313385 
992 0.025348994949839488 
993 0.025345318641364446 
994 0.02534379232606074 
995 0.02534016990502059 
996 0.02533752720579152 
997 0.025334530798407945 
998 0.025332073118324326 
999 0.025328517951793403 
1000 0.025325237163455177 
1001 0.025321101237903557 
1002 0.02531853663138496 
1003 0.025315412770965967 
1004 0.02531217180841448 
1005 0.025309738209245584 
1006 0.02530720971708023 
1007 0.025304451303585905 
1008 0.02529958170052095 
1009 0.025296945700323925 
1010 0.025293982281145246 
1011 0.02529261422064443 
1012 0.02528909486002638 
1013 0.02528597194697889 
1014 0.02528159209042328 
1015 0.025279838285934456 
1016 0.025275936915843834 
1017 0.025272486438983995 
1018 0.02527042886726335 
1019 0.025267357115455264 
1020 0.025263964394378818 
1021 0.02526103325589943 
1022 0.025256388661182422 
1023 0.025253639197526614 
1024 0.02525304008550221 
1025 0.02525076655346533 
1026 0.025248998041088377 
1027 0.02524505835046988 
1028 0.025240348862632277 
1029 0.025237553243242464 
1030 0.025235257632109976 
1031 0.025232209565452194 
1032 0.02522945234465771 
1033 0.025226772564027805 
1034 0.025223411014178954 
1035 0.025221515145360165 
1036 0.02521790682977105 
1037 0.02521412352822002 
1038 0.025211301189749073 
1039 0.02520955287466573 
1040 0.025204962309139687 
1041 0.025203094115605836 
1042 0.025199852440954244 
1043 0.025197683426932297 
1044 0.025194073385829647 
1045 0.025190928715125176 
1046 0.025187929229817278 
1047 0.025185247962978996 
1048 0.02518354925810217 
1049 0.025179486066430803 
1050 0.025177785585141704 
1051 0.02517471802389993 
1052 0.025170853677488236 
1053 0.025169158705754823 
1054 0.025165882955195878 
1055 0.025162312997649015 
1056 0.02515860252310797 
1057 0.02515680863073444 
1058 0.025154591716194056 
1059 0.02515125058056468 
1060 0.025148425320280977 
1061 0.025144513884935316 
1062 0.025141214147743233 
1063 0.025139058799383242 
1064 0.025135514670482875 
1065 0.025133051046782342 
1066 0.025132834440208234 
1067 0.02512975384926823 
1068 0.025125568511755417 
1069 0.025122027045280333 
1070 0.025120282905653574 
1071 0.025117978162713366 
1072 0.025115082786718416 
1073 0.025111045386237013 
1074 0.02510858354281504 
1075 0.02510521592587198 
1076 0.025102227596284724 
1077 0.02509902399083048 
1078 0.025097244416102473 
1079 0.025094869426640163 
1080 0.025091967031371842 
1081 0.02508909127918849 
1082 0.02508433277760451 
1083 0.025081271190638733 
1084 0.025079667890997484 
1085 0.025076840059748366 
1086 0.025073546058793618 
1087 0.02507081816670286 
1088 0.025069397316340412 
1089 0.02506644079208121 
1090 0.025062544997953823 
1091 0.025059766463173365 
1092 0.025056486045716246 
1093 0.02505389532972928 
1094 0.025051600142709577 
1095 0.02504971622397482 
1096 0.025047391962550375 
1097 0.025043390350100326 
1098 0.025042897787367166 
1099 0.025040729919511746 
1100 0.025036530664611114 
1101 0.025033036169905164 
1102 0.02502918558850311 
1103 0.02502762070420332 
1104 0.025025790746468324 
1105 0.02502192109040483 
1106 0.025018346087435528 
1107 0.025015982649060596 
1108 0.02501451268580756 
1109 0.025011868952107517 
1110 0.025009115141745804 
1111 0.02500497017370319 
1112 0.025002420872722295 
1113 0.025000687252046624 
1114 0.024996300162701445 
1115 0.024993259970118975 
1116 0.024989969086985933 
1117 0.024988835265475913 
1118 0.02498550545064731 
1119 0.024983352130024977 
1120 0.02498004106363361 
1121 0.0249770431194369 
1122 0.02497374386759051 
1123 0.02497007682384206 
1124 0.024967311630310813 
1125 0.02496536339283889 
1126 0.024963377503641283 
1127 0.024960491474080068 
1128 0.024959114464317797 
1129 0.024956513349091 
1130 0.02495379746022322 
1131 0.024950375521989906 
1132 0.024947397379150863 
1133 0.024944364101695378 
1134 0.024941469110963725 
1135 0.024939813101314542 
1136 0.02493705865602455 
1137 0.024933320279331712 
1138 0.024930114367846586 
1139 0.024926631451961268 
1140 0.024923721736513135 
1141 0.024922599474993593 
1142 0.024921879137056846 
1143 0.02491828130666051 
1144 0.02491585678592475 
1145 0.02491292513344481 
1146 0.024909763436258437 
1147 0.024907667161612135 
1148 0.02490407158996876 
1149 0.02490070242969768 
1150 0.02489706619769655 
1151 0.024894681067243647 
1152 0.024892662497652537 
1153 0.024888703209002324 
1154 0.02488678202023976 
1155 0.0248846714223945 
1156 0.024881417999152177 
1157 0.024879192568048162 
1158 0.024876826072219693 
1159 0.024875353580406098 
1160 0.02487270070650161 
1161 0.024869046538529425 
1162 0.02486684177158166 
1163 0.02486475013594534 
1164 0.024861761889080774 
1165 0.024859941061170794 
1166 0.02485637455324112 
1167 0.024853285422082594 
1168 0.024849618170919727 
1169 0.02484797681399444 
1170 0.024845041831041293 
1171 0.02484228466285439 
1172 0.024841740893514593 
1173 0.024836957987768454 
1174 0.02483424158780998 
1175 0.024832793291091837 
1176 0.024830245726858935 
1177 0.024826427016820533 
1178 0.0248252584237517 
1179 0.0248204421095444 
1180 0.024817119466089502 
1181 0.02481574313100393 
1182 0.024812812473911202 
1183 0.024810677774661435 
1184 0.024808524289571865 
1185 0.02480623300255324 
1186 0.024802929764029404 
1187 0.0248001663066942 
1188 0.024797095471843597 
1189 0.024794722434266742 
1190 0.024791862311573386 
1191 0.02478979881470164 
1192 0.02478768784907906 
1193 0.024784606801696956 
1194 0.024781257621602115 
1195 0.02477953960831857 
1196 0.024777934624939702 
1197 0.024773789768412973 
1198 0.02477277336114816 
1199 0.024769153289722307 
1200 0.024766417747993902 
1201 0.02476187563394737 
1202 0.024759433592940635 
1203 0.024756958131859484 
1204 0.02475428688755973 
1205 0.024752464025651066 
1206 0.024749345293029943 
1207 0.024746962308582813 
1208 0.024745305444969615 
1209 0.024741749443290828 
1210 0.024739770320074156 
1211 0.024737363093862156 
1212 0.024735339134938774 
1213 0.02473334043033954 
1214 0.024729325837506824 
1215 0.024726708046336046 
1216 0.02472520934089512 
1217 0.024721780311304974 
1218 0.024718386510784278 
1219 0.024715738775000776 
1220 0.024714166403710495 
1221 0.024712939891545 
1222 0.024711348081568663 
1223 0.024707787513199405 
1224 0.02470467855378342 
1225 0.024701605497933744 
1226 0.024698009960872968 
1227 0.024695296860017625 
1228 0.02469353493862458 
1229 0.024692569956120358 
1230 0.024689846189983853 
1231 0.024686944324560683 
1232 0.024684085266869073 
1233 0.024679564931164907 
1234 0.02467870671887464 
1235 0.02467797459340529 
1236 0.024673428229570218 
1237 0.024670767987574557 
1238 0.024669048221969164 
1239 0.024665987079407124 
1240 0.0246635345742518 
1241 0.024659070727459653 
1242 0.02465709504821999 
1243 0.024655083207334283 
1244 0.02465273584431144 
1245 0.024650052633499384 
1246 0.024648672952278752 
1247 0.024645622711320557 
1248 0.02464331018006755 
1249 0.024641729986621043 
1250 0.024638608944771018 
1251 0.02463574528785415 
1252 0.02463369079874419 
1253 0.0246306754077337 
1254 0.024627930420042115 
1255 0.024625816999215015 
1256 0.02462494324245847 
1257 0.02462069972116927 
1258 0.024618431197586742 
1259 0.02461562683161614 
1260 0.024613289161757958 
1261 0.024611690710312318 
1262 0.024608953835539828 
1263 0.024606363929520383 
1264 0.024602944083613118 
1265 0.024599997369031724 
1266 0.024597144284060173 
1267 0.024594968637241907 
1268 0.02459311864397323 
1269 0.02459116425152187 
1270 0.02459032979396367 
1271 0.024588397955776418 
1272 0.02458607990123409 
1273 0.02458168272943621 
1274 0.024578660723959447 
1275 0.024577568676758997 
1276 0.02457450772779565 
1277 0.02457138114015262 
1278 0.0245688423570416 
1279 0.02456841218762523 
1280 0.024564845715281683 
1281 0.024562613081234114 
1282 0.024558874702511287 
1283 0.024556023068764896 
1284 0.024554545228366868 
1285 0.02455350348062772 
1286 0.024550305653434027 
1287 0.024546991361335934 
1288 0.02454464302069032 
1289 0.02454259871711953 
1290 0.02453912223949826 
1291 0.02453706100787843 
1292 0.024534308421466932 
1293 0.024531234348539283 
1294 0.02452938395991942 
1295 0.02452647046475826 
1296 0.024524359357751213 
1297 0.024523516852777344 
1298 0.02452162216763652 
1299 0.02451983771658897 
1300 0.02451503640524706 
1301 0.02451388417302252 
1302 0.02451091369935703 
1303 0.024508614970663235 
1304 0.024506048256723135 
1305 0.024502493654947572 
1306 0.024501818865332536 
1307 0.024498765078816796 
1308 0.0244961075993003 
1309 0.024493821129422316 
1310 0.02448932310985118 
1311 0.024487268474210386 
1312 0.02448532732157926 
1313 0.02448239619506996 
1314 0.024481648682693525 
1315 0.024478868531799442 
1316 0.024476456210668376 
1317 0.024473827835056056 
1318 0.02447186673292798 
1319 0.024468667814517557 
1320 0.024465783828069236 
1321 0.024462452137453933 
1322 0.024461448939684976 
1323 0.024458329498422523 
1324 0.024456669322070926 
1325 0.024454441139752335 
1326 0.02445355029902065 
1327 0.024450524658380816 
1328 0.02444673873211144 
1329 0.024446387781390695 
1330 0.02444292434798219 
1331 0.024440674022149795 
1332 0.02443787199312163 
1333 0.024434680274943697 
1334 0.0244325260895488 
1335 0.024430907459012805 
1336 0.024429520609545695 
1337 0.02442814087746873 
1338 0.02442471032542016 
1339 0.024422278756510707 
1340 0.024419457247706357 
1341 0.024417035639724208 
1342 0.024414482614418025 
1343 0.02441268194951491 
1344 0.024411359774494015 
1345 0.0244090491250585 
1346 0.024405685880435544 
1347 0.02440298387963881 
1348 0.024400383267559687 
1349 0.024398570033500225 
1350 0.024395965632687585 
1351 0.024393338201521477 
1352 0.024390728834300494 
1353 0.024388571841062995 
1354 0.024386663953104615 
1355 0.02438657009407693 
1356 0.024383607291802487 
1357 0.02438068616502446 
1358 0.024378456731315692 
1359 0.024375368299962917 
1360 0.024372999918951962 
1361 0.024370975368966513 
1362 0.024367612811122506 
1363 0.024365034321929976 
1364 0.02436309634904878 
1365 0.024361995414125853 
1366 0.024359451628757117 
1367 0.024355670979092536 
1368 0.02435470139885264 
1369 0.0243501324868918 
1370 0.024348892974906295 
1371 0.024347534390208644 
1372 0.02434534940180885 
1373 0.024342960673483613 
1374 0.024339281769713592 
1375 0.02433750516587161 
1376 0.024335789441386795 
1377 0.02433359191339257 
1378 0.024330644387213725 
1379 0.024330067964687948 
1380 0.024326494884864706 
1381 0.02432384006727312 
1382 0.024321063297509108 
1383 0.02431916272908306 
1384 0.024317662453169266 
1385 0.024315127872420038 
1386 0.024311472066489512 
1387 0.024310316766636544 
1388 0.024308420681838375 
1389 0.024305905692366698 
1390 0.024304230817548636 
1391 0.024302997443278 
1392 0.024299283571365658 
1393 0.02429817058205776 
1394 0.024294284252749862 
1395 0.024292026280887138 
1396 0.02428840480325523 
1397 0.024288236428880783 
1398 0.024284184354306876 
1399 0.024282014601886715 
1400 0.024280199025885633 
1401 0.02427779445661199 
1402 0.024275123520461257 
1403 0.024273741601989526 
1404 0.024272826302139977 
1405 0.02426853959768257 
1406 0.024266414096337893 
1407 0.024264733757366274 
1408 0.024263381451527174 
1409 0.024261901386484 
1410 0.024259239158535218 
1411 0.024256385010034565 
1412 0.024254757141611575 
1413 0.024251671710718233 
1414 0.024250398510300506 
1415 0.024248378394691166 
1416 0.024244813378241963 
1417 0.02424115118095139 
1418 0.024242211187805184 
1419 0.024239557580891136 
1420 0.02423718556565288 
1421 0.024235592513318516 
1422 0.024232540115370422 
1423 0.02422977803000589 
1424 0.024228105164403466 
1425 0.024226063545836323 
1426 0.02422335319638265 
1427 0.024222025266870024 
1428 0.024219264297173776 
1429 0.0242162922333671 
1430 0.024213671306468426 
1431 0.024213498149073816 
1432 0.02420919613830813 
1433 0.02420818511219448 
1434 0.02420643953085196 
1435 0.024202641912419477 
1436 0.024201211185037225 
1437 0.024198457391481958 
1438 0.024196626211514246 
1439 0.02419456941554723 
1440 0.0241932380411838 
1441 0.024189864505249573 
1442 0.02418662267852041 
1443 0.024183804224461192 
1444 0.02418334585151763 
1445 0.02418071673686084 
1446 0.024177795704618733 
1447 0.024175387071734673 
1448 0.024173947982236318 
1449 0.024171758282515127 
1450 0.024171352332985372 
1451 0.02416915262675945 
1452 0.024166741242577023 
1453 0.024163692483840107 
1454 0.024162727577833772 
1455 0.0241590908470795 
1456 0.024156474137601462 
1457 0.02415525022577586 
1458 0.0241521531387216 
1459 0.024150748566086237 
1460 0.02414895459191468 
1461 0.02414629867152587 
1462 0.024144032124778163 
1463 0.024142879315398935 
1464 0.024141546690687594 
1465 0.02413879750395394 
1466 0.02413626972183772 
1467 0.024133778251530156 
1468 0.024132384330184647 
1469 0.02412820770582508 
1470 0.02412541439611672 
1471 0.024123164741249252 
1472 0.024120681856836114 
1473 0.024118592421107036 
1474 0.024116919262071285 
1475 0.024115472697924856 
1476 0.024111798351621704 
1477 0.024111278953286398 
1478 0.024109980872702358 
1479 0.02410884092714279 
1480 0.024105693576763135 
1481 0.02410451633400536 
1482 0.024101457260640682 
1483 0.024098497485546107 
1484 0.024096620334444416 
1485 0.024094006930759422 
1486 0.024092129017130936 
1487 0.024090585086992064 
1488 0.02408870816545185 
1489 0.02408713430196534 
1490 0.024085376297957685 
1491 0.024082613515980743 
1492 0.02408129312873589 
1493 0.024077265679532608 
1494 0.024075205688725877 
1495 0.024073660227846357 
1496 0.02407162603111646 
1497 0.024068877275391518 
1498 0.024065753171418038 
1499 0.024064682528441888 
1500 0.024062115218525703 
1501 0.024060100073916395 
1502 0.02405830702772046 
1503 0.024055973201033604 
1504 0.024055218582424733 
1505 0.024053044027048918 
1506 0.024051089810520846 
1507 0.024049260992236907 
1508 0.024045404787130784 
1509 0.02404382484458058 
1510 0.024040922576643094 
1511 0.024039686063117908 
1512 0.024038110288170142 
1513 0.02403597948072948 
1514 0.024032795959933562 
1515 0.024031812144829873 
1516 0.024029338166156197 
1517 0.02402746996913891 
1518 0.024024480574089294 
1519 0.02402292347316501 
1520 0.024021538463839743 
1521 0.024018611576830638 
1522 0.02401669853113371 
1523 0.024015832460090893 
1524 0.024013438846322725 
1525 0.024010119469407933 
1526 0.024007749626227187 
1527 0.02400504782943832 
1528 0.024003188621560447 
1529 0.0240026493823564 
1530 0.0240010695266473 
1531 0.02399799524900643 
1532 0.023996280612658502 
1533 0.023994059310700835 
1534 0.023992035509972955 
1535 0.02398885101332827 
1536 0.023987296606750932 
1537 0.023984754859013937 
1538 0.023982849291763517 
1539 0.02397989326272285 
1540 0.023978762194614575 
1541 0.02397710961650872 
1542 0.023974530465762558 
1543 0.023971721096677747 
1544 0.023971452898485995 
1545 0.023969328499674356 
1546 0.023965964990061674 
1547 0.023965538254155542 
1548 0.02396429723525889 
1549 0.023962738147097457 
1550 0.02396021273634176 
1551 0.023958374665429008 
1552 0.02395631981138026 
1553 0.02395376563534386 
1554 0.023951874885194634 
1555 0.023949550804243023 
1556 0.02394666454742668 
1557 0.023944212315690442 
1558 0.023942240896551083 
1559 0.023941113918860085 
1560 0.023938491669904742 
1561 0.023937434502625757 
1562 0.023934325660005203 
1563 0.02393194606802533 
1564 0.02393079071207128 
1565 0.02392780613146743 
1566 0.02392627355041829 
1567 0.023926098551749857 
1568 0.02392432338172518 
1569 0.02392107905139096 
1570 0.023918232194787562 
1571 0.02391606701272168 
1572 0.023915246162811873 
1573 0.0239137090193514 
1574 0.023912100613982214 
1575 0.023909977161737792 
1576 0.023906749077496722 
1577 0.023904923502884114 
1578 0.023902509642605457 
1579 0.023901681896856784 
1580 0.02390002073586872 
1581 0.023897003385734757 
1582 0.02389529068994469 
1583 0.02389313355780306 
1584 0.023891881411159995 
1585 0.02388941320541821 
1586 0.023887835862304804 
1587 0.023885476563753668 
1588 0.02388386121185923 
1589 0.023881720976788586 
1590 0.023879294707917928 
1591 0.023877089734641754 
1592 0.023875189759917557 
1593 0.02387247799637125 
1594 0.023869864545304462 
1595 0.023867512640552303 
1596 0.023865426434865084 
1597 0.023864238161658505 
1598 0.02386222469976008 
1599 0.023860572627208355 
1600 0.023858222370441048 
1601 0.023855958617529538 
1602 0.02385522951456646 
1603 0.02385274544573641 
1604 0.023849999998611263 
1605 0.023847602709867226 
1606 0.023848533627912845 
1607 0.023845430569040364 
1608 0.023842898798536526 
1609 0.023839740365442414 
1610 0.023838668525524086 
1611 0.023836753803572752 
1612 0.02383480412960239 
1613 0.023833153220097887 
1614 0.023831144867315846 
1615 0.02382933328730765 
1616 0.023827223843876807 
1617 0.02382484135440817 
1618 0.023822099212287166 
1619 0.023820517430161038 
1620 0.02381958562695506 
1621 0.023816887361619687 
1622 0.023816105941863747 
1623 0.02381431090791411 
1624 0.023812232146010553 
1625 0.02381053044039523 
1626 0.02380803410103346 
1627 0.02380545804404745 
1628 0.023803955847504894 
1629 0.023802204634700702 
1630 0.023799643112585256 
1631 0.023798076455048254 
1632 0.023794816688786278 
1633 0.0237930902108065 
1634 0.023793098751888998 
1635 0.023791283789505856 
1636 0.02378908176244636 
1637 0.023787268755964108 
1638 0.023784490530011044 
1639 0.023783663332140305 
1640 0.02378247841580427 
1641 0.023780480134978917 
1642 0.023777603999441666 
1643 0.023775550738325782 
1644 0.023773626963949714 
1645 0.023770030301530604 
1646 0.02376896349894559 
1647 0.023767454062465183 
1648 0.023765936876752613 
1649 0.02376568695119165 
1650 0.023761647402472944 
1651 0.023759417028799728 
1652 0.023758232375784033 
1653 0.023757249405797314 
1654 0.023754402761531405 
1655 0.0237530251089486 
1656 0.023750581775104702 
1657 0.023748256760444404 
1658 0.023747143155899583 
1659 0.023745065096388907 
1660 0.023742529338015413 
1661 0.023741457454387643 
1662 0.023739769835725927 
1663 0.02373736638277148 
1664 0.02373582319502548 
1665 0.023733025333801786 
1666 0.023731309500612186 
1667 0.02372950810721042 
1668 0.023728685697893076 
1669 0.02372632478344126 
1670 0.023724453626793218 
1671 0.023724891209995894 
1672 0.02372136415894058 
1673 0.023717326598274115 
1674 0.023717876949963263 
1675 0.023715044244014633 
1676 0.02371223529458011 
1677 0.023709527202716307 
1678 0.023710129145405903 
1679 0.023707547429917788 
1680 0.02370509685907697 
1681 0.023704334676809338 
1682 0.023701963628439654 
1683 0.023699632105989434 
1684 0.02369665669188074 
1685 0.023695364152749972 
1686 0.02369623695771305 
1687 0.02369268812863872 
1688 0.02369044806649379 
1689 0.023687519636947617 
1690 0.02368537318412942 
1691 0.023684404212988574 
1692 0.023683154841006467 
1693 0.02368103111740347 
1694 0.023678709411084777 
1695 0.023678275923884377 
1696 0.023676007787751942 
1697 0.023674302121521003 
1698 0.023673359368015134 
1699 0.023670933030470756 
1700 0.023667817155357356 
1701 0.02366698894139552 
1702 0.023665661059439787 
1703 0.023662937328134005 
1704 0.023661417019976965 
1705 0.02366058232984083 
1706 0.023657656904561966 
1707 0.02365633139907693 
1708 0.023654045791264205 
1709 0.023651912881191107 
1710 0.02364941155547972 
1711 0.023648794030894336 
1712 0.02364702206341388 
1713 0.023644620723487022 
1714 0.02364407826030746 
1715 0.023642008300972434 
1716 0.02363960126781838 
1717 0.023637917780371078 
1718 0.023636781544325563 
1719 0.023634016295544753 
1720 0.02363108811127007 
1721 0.023629040554250445 
1722 0.02362789572460315 
1723 0.023626917668302314 
1724 0.023624400614710776 
1725 0.02362352493093067 
1726 0.023620775315804362 
1727 0.02361851109307288 
1728 0.023617195302905323 
1729 0.023614158900185252 
1730 0.02361402270117594 
1731 0.023611542299857298 
1732 0.023608444051308644 
1733 0.023607117826420814 
1734 0.023605403125754244 
1735 0.023603573763336792 
1736 0.023603569355946888 
1737 0.02360098100822488 
1738 0.023599497781740898 
1739 0.023597732670934932 
1740 0.023596418671215872 
1741 0.023595018729782216 
1742 0.023590874145936046 
1743 0.023589644960634953 
1744 0.02358904934080617 
1745 0.023588393543428232 
1746 0.023586564537193357 
1747 0.02358333751210944 
1748 0.02358079353614918 
1749 0.023578595495758452 
1750 0.023577194461160904 
1751 0.023576400538106647 
1752 0.023575248481434507 
1753 0.023573431309838834 
1754 0.02357066309887719 
1755 0.023568318739688492 
1756 0.02356723670612179 
1757 0.02356550457483698 
1758 0.023565019392905007 
1759 0.02356284916389697 
1760 0.023561050340084034 
1761 0.02355896417093527 
1762 0.023557339454091452 
1763 0.023554784354630088 
1764 0.023552460138247786 
1765 0.02355037143577642 
1766 0.023548978983381933 
1767 0.023546821451534625 
1768 0.02354479138308825 
1769 0.023543751799422644 
1770 0.02354153508455824 
1771 0.023540812515141476 
1772 0.023539090936227774 
1773 0.023535401583286018 
1774 0.023533336154969952 
1775 0.023533019898330787 
1776 0.023530699710301157 
1777 0.023529810690906355 
1778 0.02352747545183949 
1779 0.023525586138939132 
1780 0.023523945625431555 
1781 0.023522916094774974 
1782 0.02352256502341075 
1783 0.023522052446483345 
1784 0.023518857090602616 
1785 0.02351539228556391 
1786 0.023513921216358494 
1787 0.023511515228358617 
1788 0.023509392188567374 
1789 0.023507371138230582 
1790 0.023506673937381387 
1791 0.02350415106609128 
1792 0.023504316141840394 
1793 0.023500228359546925 
1794 0.023498931531992326 
1795 0.023496480851532036 
1796 0.023496917210177413 
1797 0.023495214949832137 
1798 0.023493329944406616 
1799 0.02349277411676577 
1800 0.02348941187030281 
1801 0.023486207117222012 
1802 0.023486354130871145 
1803 0.023484141785344873 
1804 0.023482335037306006 
1805 0.023481291725487047 
1806 0.023480115482815284 
1807 0.02347662689944747 
1808 0.02347456877932063 
1809 0.02347266820598994 
1810 0.023472500176258352 
1811 0.02347124514292356 
1812 0.02347092100665325 
1813 0.023468200018611968 
1814 0.023465984617138454 
1815 0.023464310065898705 
1816 0.02346197551522401 
1817 0.023460724534123345 
1818 0.023461829894814205 
1819 0.023458956698134407 
1820 0.023455183791951426 
1821 0.023453220517388986 
1822 0.023451029309299928 
1823 0.023452317115677898 
1824 0.023449856913515473 
1825 0.023447996870258545 
1826 0.02344652989167788 
1827 0.023445999682429653 
1828 0.02344294645247612 
1829 0.02344128142873435 
1830 0.023441040816600037 
1831 0.02343707469503024 
1832 0.023436890636502426 
1833 0.02343343775974036 
1834 0.02343086935330878 
1835 0.023429836131280597 
1836 0.02342817622361878 
1837 0.023426162592071385 
1838 0.023424584929749564 
1839 0.023423218120523167 
1840 0.023423166774644472 
1841 0.0234214539328011 
1842 0.02342017030791806 
1843 0.023417590539084678 
1844 0.023415145016750977 
1845 0.023412101485170835 
1846 0.023410585267761085 
1847 0.023408900821617402 
1848 0.023407867720119175 
1849 0.023405477118737965 
1850 0.02340377529028281 
1851 0.023402893078597702 
1852 0.02340028061805351 
1853 0.023398212864387237 
1854 0.02339686909497282 
1855 0.023397003879238983 
1856 0.02339583778266424 
1857 0.023392988852474976 
1858 0.02339356916372246 
1859 0.02339148944794951 
1860 0.023388757703813844 
1861 0.023385785634518437 
1862 0.023384673918179312 
1863 0.023382781420981314 
1864 0.023382533233923437 
1865 0.023378107957519826 
1866 0.023376595405098784 
1867 0.02337502236184116 
1868 0.023375059044531334 
1869 0.023372976971231457 
1870 0.023371342728975755 
1871 0.023369658780545147 
1872 0.023367539713849802 
1873 0.023365708595895627 
1874 0.023363966827525114 
1875 0.023362900936640903 
1876 0.02336118828733851 
1877 0.0233586327062856 
1878 0.023356301462169028 
1879 0.023355238995590503 
1880 0.0233544170054164 
1881 0.023353054730541868 
1882 0.023352060476045353 
1883 0.023350730853978815 
1884 0.02335062457016446 
1885 0.02334817872777786 
1886 0.023345295239308655 
1887 0.023343375940818707 
1888 0.023341534086637684 
1889 0.02334072894597831 
1890 0.023338922008939306 
1891 0.023337208383603213 
1892 0.023335350833203934 
1893 0.0233334731895557 
1894 0.0233325014721888 
1895 0.023329941877468854 
1896 0.023327836643350783 
1897 0.02332649994217842 
1898 0.023325125946282766 
1899 0.023323476395867876 
1900 0.023322230961915644 
1901 0.023321548826168235 
1902 0.02332026225252598 
1903 0.02331993329657507 
1904 0.023316855346583697 
1905 0.023314050548992563 
1906 0.023312396835327605 
1907 0.023310766659933063 
1908 0.023309890829810307 
1909 0.023307260707129313 
1910 0.0233053935525197 
1911 0.023304538084155793 
1912 0.02330305464696326 
1913 0.023302296111737418 
1914 0.023300219218742948 
1915 0.023298312383758412 
1916 0.023297387746921045 
1917 0.02329435719115316 
1918 0.023292010686388823 
1919 0.02329076207522329 
1920 0.023290122055955095 
1921 0.02328862357909958 
1922 0.02328733066913397 
1923 0.02328629692532535 
1924 0.02328414696048793 
1925 0.02328261625503933 
1926 0.02327955159516322 
1927 0.02327833789983474 
1928 0.02327672152551708 
1929 0.023275230676253738 
1930 0.023274572761243176 
1931 0.023273193367181765 
1932 0.02327193593969055 
1933 0.023271264274953792 
1934 0.02326877635970819 
1935 0.023266741402922543 
1936 0.023264114047024866 
1937 0.02326328478508251 
1938 0.023262565468125707 
1939 0.02325992148789026 
1940 0.02325921244680824 
1941 0.023257168742197923 
1942 0.02325632771486735 
1943 0.02325529288609835 
1944 0.023253994934647637 
1945 0.023251665197552753 
1946 0.02324892351279163 
1947 0.02324757524014964 
1948 0.023245136876265213 
1949 0.023243840996437375 
1950 0.02324289668963857 
1951 0.023240706238731448 
1952 0.02323928686577622 
1953 0.02323751977441669 
1954 0.023235571564967472 
1955 0.023235239018512197 
1956 0.023232817253078072 
1957 0.023231635760378646 
1958 0.0232310023381621 
1959 0.02323018674029054 
1960 0.023227983445855735 
1961 0.023225896997901428 
1962 0.023224641582643875 
1963 0.023222756524084495 
1964 0.023221340684552966 
1965 0.023219041829932955 
1966 0.023217430371535605 
1967 0.023217922066558996 
1968 0.023214638709614075 
1969 0.023212998651132466 
1970 0.02321302987434242 
1971 0.02320962441936515 
1972 0.02321090692503185 
1973 0.023206677370023434 
1974 0.023206514525212097 
1975 0.023203647098871193 
1976 0.0232027028853319 
1977 0.023201201278760436 
1978 0.023199486866587914 
1979 0.023197765288122153 
1980 0.02319674278443203 
1981 0.023194969568278465 
1982 0.023193770008780354 
1983 0.023191362643266298 
1984 0.023189217894911702 
1985 0.023187973816630375 
1986 0.023187285041439562 
1987 0.023186584902176212 
1988 0.023185248700722503 
1989 0.023182039434580245 
1990 0.02318105604849298 
1991 0.02317928011056868 
1992 0.023179596680444222 
1993 0.02317750613143375 
1994 0.02317496498899946 
1995 0.02317341040633781 
1996 0.023172173174396318 
1997 0.02317018458484345 
1998 0.02316847462403353 
1999 0.023167675654682075 
2000 0.023165729773447715 
2001 0.02316340180148982 
2002 0.023162287096222447 
2003 0.023160832880376937 
2004 0.023159045764367538 
2005 0.023158336325013906 
2006 0.023156714347848554 
2007 0.02315426278525731 
2008 0.02315157320658426 
2009 0.023151158945670866 
2010 0.023150545546579495 
2011 0.023149742020261058 
2012 0.023147419518881402 
2013 0.023145591794400202 
2014 0.02314453393262208 
2015 0.0231435288086175 
2016 0.02314115134059184 
2017 0.023138473344874805 
2018 0.023138667503140517 
2019 0.023137107454461438 
2020 0.023135542585667506 
2021 0.02313364536507239 
2022 0.02313153978904209 
2023 0.02313160628373077 
2024 0.02313036794625784 
2025 0.023129198319448784 
2026 0.023128168354049235 
2027 0.02312590158776832 
2028 0.023123747420389484 
2029 0.023123267859063535 
2030 0.02312123590778031 
2031 0.023119041133269402 
2032 0.023117880499082328 
2033 0.023114914716657307 
2034 0.023115274128224023 
2035 0.02311270717829783 
2036 0.023112748068544485 
2037 0.023110171602642282 
2038 0.023108954467877287 
2039 0.023108050513229398 
2040 0.02310615636639911 
2041 0.023104610001367765 
2042 0.02310417790059215 
2043 0.023102932877300805 
2044 0.023099991523557028 
2045 0.023098374856873313 
2046 0.02309738363309408 
2047 0.023094334831086014 
2048 0.023093057079047786 
2049 0.023093299757699998 
2050 0.023092222194001883 
2051 0.023088744809559837 
2052 0.023085759973405676 
2053 0.023085404336368288 
2054 0.02308369405661245 
2055 0.023083557477599527 
2056 0.023082206272711733 
2057 0.023081894098777683 
2058 0.023080414529788745 
2059 0.023077431817951355 
2060 0.02307442993828142 
2061 0.023072612342410828 
2062 0.023073696323537906 
2063 0.023072016061078574 
2064 0.02307084433793466 
2065 0.023068801332312854 
2066 0.023066937505708335 
2067 0.023065894066541234 
2068 0.023064338443569237 
2069 0.023063146145366375 
2070 0.023061729597688107 
2071 0.023062592128428594 
