1 5.059798348203039 
2 0.039212911647199415 
3 0.03188785217316355 
4 0.029160160744086682 
5 0.027965394301948318 
6 0.027231229638526974 
7 0.026847519473611248 
8 0.026403960838938076 
9 0.026302198225843666 
10 0.025691065099506687 
11 0.025450582014723343 
12 0.02516228048733762 
13 0.02478983776504481 
14 0.024642226226543728 
15 0.02434931531379125 
16 0.02410454331279609 
17 0.02393037830579584 
18 0.023955321655006297 
19 0.02363407608642921 
20 0.02341264807320244 
21 0.023266455831066048 
22 0.023233409443494196 
23 0.023118018948914288 
24 0.02276880085762203 
25 0.022625676829446686 
26 0.02275433000482477 
27 0.02247930009315922 
28 0.02228438327534379 
29 0.02221299029077778 
30 0.022148428964120098 
31 0.02209829267216446 
32 0.0219780947782049 
33 0.021792187122534973 
34 0.02200900840498303 
35 0.02195631286981878 
36 0.021923272718321816 
37 0.021864026295704234 
38 0.02159810939946737 
39 0.021534269939388406 
40 0.021376604499213886 
41 0.02131562755744166 
42 0.021406105275719296 
43 0.021600406773678405 
44 0.021154270820975197 
45 0.02116854010749872 
46 0.021056968635922924 
47 0.021030561461714854 
48 0.02103023517074716 
49 0.0209326710536961 
50 0.020979857961935255 
51 0.02092013480613339 
52 0.020846435851692605 
53 0.020857166192365065 
54 0.020802022643144874 
55 0.020746860616491843 
56 0.020746425231590586 
57 0.02086256907035929 
58 0.020937296870152465 
59 0.020632779385636596 
60 0.0206264826264006 
61 0.020651340512784395 
62 0.020601810933237794 
63 0.020594316581030656 
64 0.020550358843828515 
65 0.02065080981908051 
66 0.020979888526511604 
67 0.020499442868951143 
68 0.020438143865620435 
69 0.020542140560895133 
70 0.02041840062432854 
71 0.02040686040671223 
72 0.020393289661266727 
73 0.020628310068484552 
74 0.020425393672554987 
75 0.02028062739893634 
76 0.020381789428971415 
77 0.020310973034371557 
78 0.020270716932530367 
79 0.020197776961084865 
80 0.020451822874628472 
81 0.020215041544934788 
82 0.02017449883025768 
83 0.020336082935224844 
84 0.020150635257708608 
85 0.020137805013998117 
86 0.020129787982319177 
87 0.0203411069378003 
88 0.020175591911252504 
89 0.02007900147676019 
90 0.020347334297451343 
91 0.02007597047059765 
92 0.02000810896077158 
93 0.020275867440416057 
94 0.02004136162525275 
95 0.02042744360089538 
96 0.019996546563282903 
97 0.020108728461014656 
98 0.02003480207768028 
99 0.020070245128751198 
100 0.020218511952703046 
101 0.020043324721250408 
102 0.020078392879500702 
103 0.019925946249823513 
104 0.019950716400922643 
105 0.01998415507863282 
106 0.02022646624844868 
107 0.019915952682336705 
108 0.019915959232201793 
109 0.019889440015051423 
110 0.019851619352878814 
111 0.019838226544801513 
112 0.01985573466701006 
113 0.019861011611290672 
114 0.0200024322985224 
115 0.019919870934711703 
116 0.01997717354156592 
117 0.019859673339368958 
118 0.02009713385103501 
119 0.019997782072481204 
120 0.020112958348642462 
121 0.02039155310769482 
122 0.01978771920371943 
123 0.01987457865908856 
124 0.019804468519160755 
125 0.019924628799154503 
126 0.019728414347247845 
127 0.01978703262036659 
128 0.019734371961974532 
129 0.019780447425257728 
130 0.01974070328063961 
131 0.01978897187631047 
132 0.01977878400642512 
133 0.019752378043816986 
134 0.01973636026506711 
135 0.019774707890561072 
136 0.019841221221368253 
137 0.01966239484306542 
138 0.01972673637578407 
139 0.01971130908725354 
140 0.019737189507527547 
141 0.01964642490946336 
142 0.01976821979934367 
143 0.019688549636605712 
144 0.019654900977143334 
145 0.01991419171290863 
146 0.0198920002375349 
147 0.01960253840412205 
148 0.019771535967422205 
149 0.01956481761544264 
150 0.019748527391457948 
151 0.01959679257258918 
152 0.019619603960420173 
153 0.01959044255907632 
154 0.019659583216058023 
155 0.01958795743567651 
156 0.019552921229802196 
157 0.01965055318454145 
158 0.01955899922455137 
159 0.019770485656273103 
160 0.01966034697554104 
161 0.019785088819160888 
162 0.019537151676594634 
163 0.01955114173035296 
164 0.019598741049210413 
165 0.019796787850194918 
166 0.019549885985508834 
167 0.019504164387228205 
168 0.019656988243897614 
169 0.019551858897776605 
170 0.019669111860491525 
171 0.019721546305651996 
172 0.019517053498854926 
173 0.019993110190629847 
174 0.019485785036296038 
175 0.019489102461326076 
176 0.019582681765983018 
177 0.01951128846274931 
178 0.019448393678144896 
179 0.019504959440158003 
180 0.019464933932498013 
181 0.019499113784975902 
182 0.019413951021059323 
183 0.01952469294378209 
184 0.019494374794682905 
185 0.019425550242578925 
186 0.019399683217378703 
187 0.019576785937460716 
188 0.01947915902687718 
189 0.01944191522471793 
190 0.01999286569499042 
191 0.019779989748904755 
192 0.01949827748495842 
193 0.01972249395513271 
194 0.019370996256379065 
195 0.019404423511179252 
196 0.019430014696534048 
197 0.01935565720808468 
198 0.019433115178432766 
199 0.019518523757896502 
200 0.019395833669339477 
201 0.019401024861676056 
202 0.019393386722874457 
203 0.019636182816484177 
204 0.019558559019031127 
205 0.01950946478233109 
206 0.0195748606993186 
207 0.01943722767656359 
208 0.01932125399207367 
209 0.019365729016414052 
210 0.019339180937747252 
211 0.019406145163513435 
212 0.019438869989531003 
213 0.019458029471605034 
214 0.019335487319935202 
215 0.01942352718050341 
216 0.01931866826019584 
217 0.01928519117170936 
218 0.019398938878754275 
219 0.019305384297287374 
220 0.01928230105796517 
221 0.019241840359628455 
222 0.019472569062456636 
223 0.01934689494515426 
224 0.0193798251672271 
225 0.01943986497737922 
226 0.019378977875583653 
227 0.019415483694840724 
228 0.019561762952861477 
229 0.019226976835036484 
230 0.019318373100716286 
231 0.01922289751368599 
232 0.019311460800476778 
233 0.019261958790345216 
234 0.01932030987814356 
235 0.019363586751534392 
236 0.019344654767805183 
237 0.019160313759781496 
238 0.019382554558462835 
239 0.01929656357752535 
240 0.019236410512453773 
241 0.01938739403422749 
242 0.01930331928721702 
243 0.019204704197900685 
244 0.019143439767940508 
245 0.019198269578081472 
246 0.019195400824171264 
247 0.019511346228011643 
248 0.019277970121913818 
249 0.019190638931886547 
250 0.019185291352360242 
251 0.019150072249434224 
252 0.019313749592877884 
253 0.019162247461276483 
254 0.019117288821888748 
255 0.01918407120714574 
256 0.01914049939790448 
257 0.01924034286576343 
258 0.019185038650671213 
259 0.01940883638769318 
260 0.019209213252498067 
261 0.019089211803041423 
262 0.019090705518111296 
263 0.019264194504569003 
264 0.019154005085261723 
265 0.01909517584805333 
266 0.019137968611388244 
267 0.019209849022782936 
268 0.019328727243005207 
269 0.019197647019031837 
270 0.0191262590828641 
271 0.01916630088100561 
272 0.019277975344959022 
273 0.019238208871061296 
274 0.019176550879790265 
275 0.019053964909705436 
276 0.01911542300526808 
277 0.019033706307269603 
278 0.019305598232423005 
279 0.019086605161190772 
280 0.019070863764377076 
281 0.019080084921392085 
282 0.019048349461707248 
283 0.019028585352042274 
284 0.019104904777239813 
285 0.01912274031234847 
286 0.01901214941068971 
287 0.019045435132220005 
288 0.01914265034606229 
289 0.019301819372533377 
290 0.019032962043687228 
291 0.01915505981703567 
292 0.019061529692474672 
293 0.01903362328136472 
294 0.0190652468137561 
295 0.019164382632465213 
296 0.01906438485366792 
297 0.019130434173720165 
298 0.019041400803888497 
299 0.01909767956019742 
300 0.019045733890821134 
301 0.018977116575695063 
302 0.019039259395050117 
