1 5.059798348203038 
2 0.2561482314150858 
3 0.08937312746459752 
4 0.05619469620805063 
5 0.04833641241595874 
6 0.045360346528604524 
7 0.043529275543046024 
8 0.0419853878131574 
9 0.040671905698784976 
10 0.03940103388695171 
11 0.038399363626767595 
12 0.03732329245363941 
13 0.036454448748516596 
14 0.03570370026783966 
15 0.03490565433218233 
16 0.0342352528379393 
17 0.03362391389454054 
18 0.03308053953490136 
19 0.032572028300166346 
20 0.032134850254791354 
21 0.03171465343809364 
22 0.03132908871042809 
23 0.030997531588815047 
24 0.030682202745695452 
25 0.030404043407685516 
26 0.030133439590223656 
27 0.029888775566805713 
28 0.02967080954328226 
29 0.029473022243895287 
30 0.029280546797469463 
31 0.02911045026088389 
32 0.028960419769755788 
33 0.02879220509990216 
34 0.028681855631168342 
35 0.02853895696993052 
36 0.028410490984672555 
37 0.02831848611105968 
38 0.028191972550352797 
39 0.028092047466748257 
40 0.028022348791962737 
41 0.02790977569497439 
42 0.027835955396298073 
43 0.02776031553520507 
44 0.027717151930055393 
45 0.027608909844508537 
46 0.027529522207106128 
47 0.027465976110584923 
48 0.027404323101385512 
49 0.027339022412365563 
50 0.02728402706478787 
51 0.027229233761647726 
52 0.02720608742378339 
