1 5.059798348203038 
2 4.340537588834929 
3 3.8750657361935277 
4 3.516985439410858 
5 3.2214942007941043 
6 2.968169351769177 
7 2.745757735300215 
8 2.547313478275456 
9 2.3682097981213337 
10 2.205190396265118 
11 2.0558656880339243 
12 1.9184232153997829 
13 1.7914506771130556 
14 1.673822370197517 
15 1.5646233520875175 
16 1.4630970760184707 
17 1.3686081952008962 
18 1.280615488607699 
19 1.1986517296000936 
20 1.1223084329096125 
21 1.0512241029001754 
22 0.9850750428877265 
23 0.9235680703704562 
24 0.8664346735717056 
25 0.8134262749301955 
26 0.7643103580995142 
27 0.7188672798742177 
28 0.6768876357738002 
29 0.6381700834041365 
30 0.6025195549409578 
31 0.56974581168318 
32 0.5396623112975517 
33 0.5120853731623298 
34 0.4868336395890356 
35 0.4637278405555645 
36 0.4425908761896768 
37 0.4232482331910662 
38 0.4055287466436425 
39 0.389265704901408 
40 0.37429827048963604 
41 0.36047315394587187 
42 0.34764643316571503 
43 0.33568536562994233 
44 0.32447000696077305 
45 0.3138944407384549 
46 0.3038674523864409 
47 0.29431254578723604 
48 0.2851672936304847 
49 0.27638210893582266 
50 0.26791860064783185 
51 0.25974771303868843 
52 0.25184784309862907 
53 0.24420309163123746 
54 0.23680174896539757 
55 0.22963506122949576 
56 0.22269627885728213 
57 0.2159799597221496 
58 0.20948148429278984 
59 0.2031967361000155 
60 0.1971219036411358 
61 0.19125336625424685 
62 0.18558763410478815 
63 0.18012131982781027 
64 0.17485112585884674 
65 0.169773836811421 
66 0.16488631041443805 
67 0.16018546361788805 
68 0.15566825266274895 
69 0.15133164735100316 
70 0.14717260059897236 
71 0.14318801475619045 
72 0.13937470625455173 
73 0.1357293700346827 
74 0.13224854497558708 
75 0.12892858130491772 
76 0.12576561074289275 
77 0.12275551996294932 
78 0.1198939278478304 
79 0.11717616697778326 
80 0.11459726979565471 
81 0.11215195993517739 
82 0.10983464925594372 
83 0.10763944118474056 
84 0.10556014100287711 
85 0.10359027372867492 
86 0.10172311020912733 
87 0.09995170193951267 
88 0.09826892495778737 
89 0.09666753289500012 
90 0.0951402188895928 
91 0.09367968558583196 
92 0.09227872184271171 
93 0.09093028410919962 
94 0.08962757973196143 
95 0.08836414883892865 
96 0.0871339409949418 
97 0.0859313826688923 
98 0.0847514317802757 
99 0.08358961625233012 
100 0.0824420545603025 
101 0.08130545761534946 
102 0.08017711278720449 
103 0.07905485223036093 
104 0.07793700874435656 
105 0.07682236303540325 
106 0.07571008640772055 
107 0.07459968263929459 
108 0.0734909321942493 
109 0.07238384112979887 
110 0.07127859620517209 
111 0.07017552690246565 
112 0.0690750743975016 
113 0.06797776700778946 
114 0.06688420130019049 
115 0.06579502784871953 
116 0.06471094056872999 
117 0.06363266858989479 
118 0.06256096974010437 
119 0.06149662487130553 
120 0.06044043244468844 
121 0.05939320298716123 
122 0.058355753216631445 
123 0.057328899795957525 
124 0.05631345280362573 
125 0.05531020909724718 
126 0.054319945791774876 
127 0.05334341408320449 
128 0.05238133362261342 
129 0.05143438760862989 
130 0.050503218685609315 
131 0.04958842575610233 
132 0.048690561491059964 
133 0.047810131247149744 
134 0.04694759043957457 
135 0.046103351617345946 
136 0.04527775422520076 
137 0.044471199476617186 
138 0.04368354045090456 
139 0.042917053118251246 
140 0.042163789087002614 
141 0.04154176718575851 
142 0.04254881242580391 
