1 5.059798348203038 
2 4.985173580424413 
3 4.931613472455867 
4 4.887108925349751 
5 4.847852421549384 
6 4.812078789120462 
7 4.778805189202407 
8 4.747420709490993 
9 4.717516511090882 
10 4.688804080555894 
11 4.661071525127628 
12 4.634158314485589 
13 4.607939777119963 
14 4.582317115526593 
15 4.557210717825381 
16 4.532555528148252 
17 4.508297751764052 
18 4.484392453476009 
19 4.460801770439005 
20 4.437493557799671 
21 4.414440345704515 
22 4.391618524515463 
23 4.369007700092504 
24 4.346590177730097 
25 4.3243505447489445 
26 4.302275329680078 
27 4.28035272158809 
28 4.258572337107186 
29 4.236925025694903 
30 4.215402705769598 
31 4.193998226010159 
32 4.172705247312687 
33 4.151518141825641 
34 4.130431906197848 
35 4.109442086727123 
36 4.0885447145302365 
37 4.067736249196525 
38 4.047013529658861 
39 4.026373731232864 
40 4.005814327950209 
41 3.9853330594537466 
42 3.9649279018377963 
43 3.9445970419119445 
44 3.9243388544449203 
45 3.9041518820100776 
46 3.8840348171081294 
47 3.8639864862880864 
48 3.844005836025528 
49 3.824091920149522 
50 3.8042438886369325 
51 3.784460977616113 
52 3.76474250044198 
53 3.7450878397215592 
54 3.725496440183868 
55 3.7059678023007656 
56 3.6865014765764297 
57 3.667097058432787 
58 3.64775418362657 
59 3.628472524141018 
60 3.6092517845016867 
61 3.590091698471441 
62 3.5709920260846877 
63 3.551952550985286 
64 3.5329730780364335 
65 3.5140534311742537 
66 3.4951934514798237 
67 3.4763929954471067 
68 3.457651933426602 
69 3.438970148226674 
70 3.4203475338564253 
71 3.401783994395616 
72 3.383279442978707 
73 3.36483380088138 
74 3.3464469966991346 
75 3.3281189656086148 
76 3.309849648703268 
77 3.291638992395831 
78 3.273486947880866 
79 3.2553934706513004 
80 3.2373585200634967 
81 3.2193820589459805 
82 3.201464053247409 
83 3.1836044717198404 
84 3.1658032856337437 
85 3.1480604685215616 
86 3.1303759959469466 
87 3.1127498452971007 
88 3.095181995595891 
89 3.07767242733565 
90 3.060221122325802 
91 3.042828063556598 
92 3.0254932350764734 
93 3.008216621881642 
94 2.9909982098167 
95 2.9738379854851433 
96 2.9567359361688017 
97 2.939692049755286 
98 2.9227063146726624 
99 2.9057787198306078 
100 2.8889092545674147 
101 2.8720979086022473 
102 2.8553446719921287 
103 2.8386495350931793 
104 2.8220124885256825 
105 2.8054335231425944 
106 2.7889126300011537 
107 2.772449800337271 
108 2.756045025542431 
109 2.739698297142845 
110 2.7234096067806366 
111 2.7071789461968443 
112 2.691006307216076 
113 2.674891681732624 
114 2.658835061697918 
115 2.642836439109173 
116 2.626895805999096 
117 2.6110131544265713 
118 2.595188476468206 
119 2.5794217642106547 
120 2.563713009743645 
121 2.5480622051536326 
122 2.532469342518017 
123 2.516934413899871 
124 2.50145741134312 
125 2.4860383268681288 
126 2.470677152467663 
127 2.455373880103169 
128 2.440128501701351 
129 2.4249410091510186 
130 2.4098113943001604 
131 2.394739648953234 
132 2.3797257648686436 
133 2.364769733756387 
134 2.3498715472758493 
135 2.335031197033733 
136 2.320248674582108 
137 2.3055239714165605 
138 2.2908570789744434 
139 2.276247988633204 
140 2.2616966917087855 
141 2.247203179454091 
142 2.2327674430575053 
143 2.2183894736414627 
144 2.204069262261058 
145 2.189806799902691 
146 2.1756020774827483 
147 2.1614550858462973 
148 2.1473658157658146 
149 2.133334257939922 
150 2.1193604029921436 
151 2.105444241469664 
152 2.0915857638421005 
153 2.0777849605002747 
154 2.0640418217549863 
155 2.0503563378357885 
156 2.0367284988897563 
157 2.0231582949802505 
158 2.0096457160856773 
159 1.996190752098235 
160 1.9827933928226507 
161 1.9694536279749064 
162 1.9561714471809537 
163 1.9429468399754053 
164 1.9297797958002179 
165 1.9166703040033553 
166 1.9036183538374316 
167 1.890623934458334 
168 1.8776870349238273 
169 1.8648076441921337 
170 1.8519857511204894 
171 1.8392213444636794 
172 1.8265144128725421 
173 1.8138649448924553 
174 1.8012729289617848 
175 1.7887383534103158 
176 1.776261206457644 
177 1.763841476211544 
178 1.7514791506663052 
179 1.739174217701031 
180 1.72692666507791 
181 1.7147364804404475 
182 1.7026036513116662 
183 1.6905281650922683 
184 1.6785100090587564 
185 1.6665491703615214 
186 1.6546456360228876 
187 1.6427993929351128 
188 1.6310104278583524 
189 1.6192787274185747 
190 1.6076042781054325 
191 1.5959870662700897 
192 1.5844270781229968 
193 1.5729242997316186 
194 1.5614787170181126 
195 1.550090315756951 
196 1.5387590815724936 
197 1.5274849999364992 
198 1.5162680561655864 
199 1.5051082354186278 
200 1.4940055226940903 
201 1.4829599028273057 
202 1.471971360487683 
203 1.4610398801758477 
204 1.4501654462207159 
205 1.4393480427764958 
206 1.428587653819616 
207 1.4178842631455764 
208 1.4072378543657218 
209 1.396648410903935 
210 1.3861159159932432 
211 1.3756403526723426 
212 1.3652217037820273 
213 1.3548599519615312 
214 1.3445550796447705 
215 1.3343070690564884 
216 1.3241159022082973 
217 1.3139815608946137 
218 1.3039040266884854 
219 1.2938832809373009 
220 1.2839193047583863 
221 1.274012079034473 
222 1.2641615844090455 
223 1.2543678012815505 
224 1.2446307098024774 
225 1.2349502898682894 
226 1.2253265211162125 
227 1.2157593829188704 
228 1.2062488543787597 
229 1.1967949143225616 
230 1.1873975412952809 
231 1.178056713554207 
232 1.1687724090626908 
233 1.1595446054837246 
234 1.1503732801733257 
235 1.1412584101737078 
236 1.1321999722062324 
237 1.1231979426641368 
238 1.1142522976050213 
239 1.10536301274309 
240 1.0965300634411335 
241 1.0877534247022391 
242 1.0790330711612226 
243 1.0703689770757627 
244 1.0617611163172256 
245 1.05320946236117 
246 1.0447139882775143 
247 1.0362746667203442 
248 1.027891469917358 
249 1.0195643696589156 
250 1.0112933372866846 
251 1.0030783436818551 
252 0.9949193592529068 
253 0.986816353922903 
254 0.9787692971162866 
255 0.9707781577451567 
256 0.9628429041949915 
257 0.9549635043097946 
258 0.9471399253766274 
259 0.9393721341095017 
260 0.9316600966325881 
261 0.9240037784627105 
262 0.9164031444910772 
263 0.9088581589642155 
264 0.9013687854640516 
265 0.8939349868870954 
266 0.886556725422669 
267 0.8792339625301269 
268 0.871966658915001 
269 0.8647547745040066 
270 0.8575982684188357 
271 0.8504970989486595 
272 0.8434512235212597 
273 0.8364605986726912 
274 0.8295251800153856 
275 0.822644922204584 
276 0.8158197789029861 
277 0.809049702743492 
278 0.8023346452898977 
279 0.795674556995401 
280 0.7890693871587539 
281 0.7825190838778893 
282 0.7760235940008291 
283 0.7695828630736677 
284 0.7631968352853991 
285 0.7568654534093439 
286 0.7505886587408956 
287 0.7443663910312909 
288 0.7381985884170699 
289 0.7320851873448654 
290 0.7260261224911154 
291 0.7200213266762615 
292 0.7140707307729351 
293 0.7081742636075969 
294 0.7023318518550195 
295 0.6965434199249475 
296 0.6908088898401913 
297 0.6851281811053175 
298 0.6795012105650161 
299 0.6739278922510995 
300 0.6684081372169752 
301 0.6629418533582824 
302 0.6575289452182268 
303 0.6521693137759558 
304 0.6468628562161067 
305 0.6416094656774135 
306 0.6364090309779754 
307 0.6312614363144663 
308 0.6261665609321883 
309 0.6211242787624363 
310 0.616134458023139 
311 0.6111969607781551 
312 0.6063116424499231 
313 0.6014783512793658 
314 0.5966969277260329 
315 0.5919672038003669 
316 0.587289002318727 
317 0.5826621360703013 
318 0.5780864068833098 
319 0.5735616045758488 
320 0.5690875057743335 
321 0.5646638725796896 
322 0.5602904510581674 
323 0.5559669695298289 
324 0.5516931366233323 
325 0.5474686390605503 
326 0.5432931391287595 
327 0.5391662717916573 
328 0.5350876413833779 
329 0.5310568178222281 
330 0.5270733322735145 
331 0.5231366721844477 
332 0.5192462756101135 
333 0.5154015247502978 
334 0.5116017386262852 
335 0.5078461648504412 
336 0.504133970488124 
337 0.500464232093824 
338 0.4968359251387129 
339 0.4932479132573752 
340 0.489698938053044 
341 0.4861876106364549 
342 0.48271240664065124 
343 0.47927166711837216 
344 0.47586360837415925 
345 0.47248634416548513 
346 0.4691379234272469 
347 0.4658163852357935 
348 0.462519829757612 
349 0.45924649957025315 
350 0.4559948610719894 
351 0.45276367269457607 
352 0.449552027349247 
353 0.44635936164357254 
354 0.44318543227528945 
355 0.4400302673856355 
356 0.4368941046649794 
357 0.433777327811151 
358 0.4306804097758453 
359 0.4276038671376127 
360 0.4245482264963852 
361 0.4215140016421361 
362 0.4185016793247929 
363 0.4155117113462207 
364 0.41254451100491296 
365 0.4096004523685767 
366 0.4066798712768564 
367 0.4037830673249394 
368 0.40091030633818014 
369 0.39806182302976834 
370 0.3952378236557167 
371 0.39243848856097235 
372 0.3896639745607865 
373 0.38691441713248 
374 0.38418993241127536 
375 0.3814906189945101 
376 0.37881655956428195 
377 0.3761678223413311 
378 0.3735444623839323 
379 0.37094652274551193 
380 0.36837403550407966 
381 0.3658270226756517 
382 0.36330549702281256 
383 0.3608094627685046 
384 0.35833891622411146 
385 0.35589384633992943 
386 0.3534742351852261 
387 0.35108005836425565 
388 0.3487112853738429 
389 0.3463678799074592 
390 0.3440498001100781 
391 0.34175699878751914 
392 0.33948942357345413 
393 0.33724701705675153 
394 0.335029716871372 
395 0.33283745575059037 
396 0.3306701615468965 
397 0.32852775721852717 
398 0.3264101607831789 
399 0.3243172852390571 
400 0.3222490384530152 
401 0.32020532301512405 
402 0.31818603605857926 
403 0.3161910690433999 
404 0.3142203075018748 
405 0.3122736307431825 
406 0.31035091151401856 
407 0.308452015611415 
408 0.3065768014432056 
409 0.304725119530778 
410 0.3028968119478351 
411 0.3010917116878575 
412 0.2993096419518063 
413 0.2975504153463132 
414 0.2958138329811832 
415 0.29409968345348325 
416 0.29240774170383993 
417 0.2907377677288753 
418 0.2890895051320752 
419 0.2874626794939891 
420 0.285856996541778 
421 0.2842721400982228 
422 0.28270776979205614 
423 0.2811635185159302 
424 0.2796389896270197 
425 0.278133753900365 
426 0.2766473462696592 
427 0.27517926242835683 
428 0.27372895542085046 
429 0.2722958324348121 
430 0.2708792521168827 
431 0.2694785228767217 
432 0.2680929028127959 
433 0.2667216020646846 
434 0.26536378852204007 
435 0.26401859781538267 
436 0.262685148262347 
437 0.26136256082783005 
438 0.26004998313382705 
439 0.2587466152598059 
440 0.25745173389669174 
441 0.2561647109343316 
442 0.2548850232626355 
443 0.2536122524742058 
444 0.25234607565312983 
445 0.2510862505226948 
446 0.24983259909554373 
447 0.24858499344093046 
448 0.24734334569065236 
449 0.24610760264899123 
450 0.2448777439531858 
451 0.24365378197542303 
452 0.24243576161469982 
453 0.24122375863895398 
454 0.24001787602370345 
455 0.23881823848919134 
456 0.23762498593937775 
457 0.23643826667206616 
458 0.235258231115925 
459 0.23408502658629154 
460 0.23291879326561174 
461 0.2317596613881683 
462 0.23060774947094842 
463 0.22946316337453 
464 0.22832599597523376 
465 0.22719632725729685 
466 0.22607422467257776 
467 0.22495974365392457 
468 0.22385292820139624 
469 0.2227538114863931 
470 0.22166241643779622 
471 0.22057875628760693 
472 0.2195028350626666 
473 0.21843464801502085 
474 0.21737418198733421 
475 0.21632141571218963 
476 0.2152763200456645 
477 0.21423885813664878 
478 0.21320898553427786 
479 0.21218665023684102 
480 0.21117179268684214 
481 0.21016434571878972 
482 0.20916423446906407 
483 0.2081713762612013 
484 0.20718568048554234 
485 0.20620704849985064 
486 0.20523537358761546 
487 0.2042705410235753 
488 0.20331242831136337 
489 0.20236090567515846 
490 0.2014158369035222 
491 0.2004770806548955 
492 0.19954449233356955 
493 0.19861792662279376 
494 0.1976972407073012 
495 0.19678229812278134 
496 0.19587297303571655 
497 0.19496915460145534 
498 0.19407075091081857 
499 0.1931776919711959 
500 0.1922899312279503 
501 0.19140744533287846 
502 0.1905302321692552 
503 0.18965830745829368 
504 0.18879170049837635 
505 0.18793044966186723 
506 0.18707459819490968 
507 0.18622419068798027 
508 0.18537927038279534 
509 0.18453987731273946 
510 0.1837060471664195 
511 0.18287781071655992 
512 0.18205519365330677 
513 0.18123821668287707 
514 0.18042689578381366 
515 0.1796212425441212 
516 0.17882126452854155 
517 0.17802696564484835 
518 0.1772383464917586 
519 0.17645540468005474 
520 0.17567813512405447 
521 0.17490653030375625 
522 0.17414058049965764 
523 0.17338027400298117 
524 0.17262559730424512 
525 0.17187653526302563 
526 0.1711330712615312 
527 0.17039518734432926 
528 0.16966286434627956 
529 0.16893608201045912 
530 0.1682148190976176 
531 0.16749905348847904 
532 0.16678876228000913 
533 0.16608392187657922 
534 0.16538450807678928 
535 0.16469049615654263 
536 0.16400186094880054 
537 0.16331857692027715 
538 0.16264061824516152 
539 0.16196795887577595 
540 0.16130057260989455 
541 0.16063843315425927 
542 0.15998151418364487 
543 0.15932978939464978 
544 0.15868323255323075 
545 0.15804181753487756 
546 0.15740551835624456 
547 0.1567743091970412 
548 0.15614816441104284 
549 0.15552705852523385 
550 0.1549109662263347 
551 0.1542998623343022 
552 0.15369372176280416 
553 0.15309251946714694 
554 0.15249623038063292 
555 0.15190482934081798 
556 0.15131829100757618 
557 0.15073658977522905 
558 0.1501596996812239 
559 0.14958759431393892 
560 0.1490202467221412 
561 0.14845762932844483 
562 0.14789971384882508 
563 0.14734647121986486 
564 0.14679787153496196 
565 0.14625388399021375 
566 0.14571447684012284 
567 0.14517961736260385 
568 0.14464927183200132 
569 0.14412340549791702 
570 0.14360198256658482 
571 0.1430849661803376 
572 0.1425723183894448 
573 0.14206400010938855 
574 0.14155997105568066 
575 0.1410601896478834 
576 0.14056461287495042 
577 0.1400731961158097 
578 0.13958589291283274 
579 0.13910265470212 
580 0.13862343051406784 
581 0.13814816667101637 
582 0.1376768065259443 
583 0.13720929030590082 
584 0.13674555514239217 
585 0.13628553538068972 
586 0.13582916324930402 
587 0.13537636992662433 
588 0.13492708695740188 
589 0.1344812478588116 
590 0.13403878965093657 
591 0.13359965400206875 
592 0.13316378773363627 
593 0.13273114257564594 
594 0.13230167424491418 
595 0.1318753410634861 
596 0.1314521024004047 
597 0.13103191720908414 
598 0.13061474287696984 
599 0.1302005345368266 
600 0.12978924492589897 
601 0.12938082481860932 
602 0.12897522399117334 
603 0.12857239259907705 
604 0.12817228277239737 
605 0.1277748501850288 
606 0.12738005535757554 
607 0.12698786451636676 
608 0.12659824993124782 
609 0.12621118975469375 
610 0.1258266674535117 
611 0.1254446709531333 
612 0.1250651916132073 
613 0.12468822313678547 
614 0.12431376049350513 
615 0.12394179891338768 
616 0.12357233298384472 
617 0.12320535586087071 
618 0.12284085858962089 
619 0.1224788295222363 
620 0.12211925382278585 
621 0.12176211305992152 
622 0.12140738490554506 
623 0.12105504297929724 
624 0.120705056898116 
625 0.12035739259752991 
626 0.12001201297363259 
627 0.11966887884155453 
628 0.11932795012156994 
629 0.11898918707496928 
630 0.11865255136282399 
631 0.11831800672632707 
632 0.1179855191833541 
633 0.11765505675810975 
634 0.11732658885618388 
635 0.11700008543793397 
636 0.11667551613386243 
637 0.11635284940964875 
638 0.11603205184829181 
639 0.11571308758548335 
640 0.11539591791574676 
641 0.11508050107969554 
642 0.11476679224381742 
643 0.11445474368975975 
644 0.11414430523543005 
645 0.11383542490835537 
646 0.11352804987379432 
647 0.11322212757944262 
648 0.11291760701883888 
649 0.11261443995645945 
650 0.11231258192942789 
651 0.1120119928662712 
652 0.11171263723933111 
653 0.11141448376533032 
654 0.11111750475313693 
655 0.11082167524560041 
656 0.1105269721130325 
657 0.11023337323755347 
658 0.10994085689991855 
659 0.10964940144314324 
660 0.10935898525902489 
661 0.10906958709531407 
662 0.10878118665125698 
663 0.10849376535578308 
664 0.10820730720636364 
665 0.1079217994792584 
666 0.10763723318506882 
667 0.10735360313926468 
668 0.10707090766886589 
669 0.1067891479938202 
670 0.10650832744338329 
671 0.10622845062351557 
672 0.10594952267711814 
673 0.10567154869960696 
674 0.10539453335393682 
675 0.1051184806744633 
676 0.10484339403389749 
677 0.10456927622702583 
678 0.10429612962339373 
679 0.10402395634303797 
680 0.10375275841936123 
681 0.10348253792543903 
682 0.10321329705295881 
683 0.10294503814368008 
684 0.10267776368062739 
685 0.10241147624988643 
686 0.10214617848451514 
687 0.10188187300072096 
688 0.101618562334111 
689 0.10135624888127652 
690 0.10109493484970472 
691 0.10083462221724 
692 0.10057531270107474 
693 0.10031700773547796 
694 0.1000597084570608 
695 0.09980341569622492 
696 0.09954812997345579 
697 0.0992938514992303 
698 0.09904058017646587 
699 0.09878831560460674 
700 0.09853705708460872 
701 0.09828680362423106 
702 0.09803755394317303 
703 0.09778930647769901 
704 0.09754205938448265 
705 0.09729581054346934 
706 0.09705055755960983 
707 0.09680629776335802 
708 0.09656302820985761 
709 0.09632074567676363 
710 0.09607944666066265 
711 0.09583912737206676 
712 0.09559978372896669 
713 0.0953614113489364 
714 0.09512400553978921 
715 0.0948875612887944 
716 0.0946520732504722 
717 0.09441753573299955 
718 0.09418394268327661 
719 0.09395128767072808 
720 0.0937195638699448 
721 0.0934887640423135 
722 0.0932588805168348 
723 0.09302990517039826 
724 0.09280182940786802 
725 0.09257464414243625 
726 0.09234833977683027 
727 0.09212290618610972 
728 0.0918983327029692 
729 0.09167460810666421 
730 0.09145172061690632 
731 0.09122965789431337 
732 0.09100840704924666 
733 0.0907879546610928 
734 0.09056828681022537 
735 0.09034938912496888 
736 0.09013124684582817 
737 0.0899138449089756 
738 0.08969716805043519 
739 0.08948120093149486 
740 0.08926592828456982 
741 0.08905133507702065 
742 0.08883740668835946 
743 0.0886241290940108 
744 0.08841148904658967 
745 0.08819947424387985 
746 0.08798807347175619 
747 0.08777727671058794 
748 0.08756707519543945 
749 0.08735746142365537 
750 0.08714842910786494 
751 0.08693997307744081 
752 0.08673208913618956 
753 0.08652477388772092 
754 0.08631802454195209 
755 0.086111838716334 
756 0.08590621424383604 
757 0.08570114899701183 
758 0.08549664073426444 
759 0.08529268697136504 
760 0.0850892848788219 
761 0.08488643120408212 
762 0.08468412221680527 
763 0.08448235367545417 
764 0.0842811208139979 
765 0.08408041834838023 
766 0.0838802405033332 
767 0.08368058106087697 
768 0.0834814334322029 
769 0.08328279075436468 
770 0.08308464601209115 
771 0.08288699218298234 
772 0.08268982240142558 
773 0.08249313013312407 
774 0.08229690934883822 
775 0.0821011546837018 
776 0.08190586156817965 
777 0.08171102631889514 
778 0.08151664618201 
779 0.0813227193276894 
780 0.0811292448000749 
781 0.08093622243179659 
782 0.08074365273457114 
783 0.08055153677773592 
784 0.08035987606513541 
785 0.08016867241835425 
786 0.07997792787160568 
787 0.07978764458114612 
788 0.07959782475015918 
789 0.07940847056869205 
790 0.07921958416738004 
791 0.07903116758324756 
792 0.0788432227357176 
793 0.07865575141099243 
794 0.0784687552531137 
795 0.07828223576021127 
796 0.07809619428467192 
797 0.07791063203617567 
798 0.07772555008674867 
799 0.07754094937715572 
800 0.07735683072410691 
801 0.0771731948278757 
802 0.0769900422800291 
803 0.07680737357104915 
804 0.07662518909769256 
805 0.07644348916997956 
806 0.0762622740177502 
807 0.0760815437967414 
808 0.07590129859417899 
809 0.07572153843386761 
810 0.07554226328080928 
811 0.07536347304533662 
812 0.07518516758682747 
813 0.07500734671695798 
814 0.07483001020261941 
815 0.07465315776837517 
816 0.07447678909870674 
817 0.0743009038397331 
818 0.07412550160094279 
819 0.07395058195616375 
820 0.07377614444501765 
821 0.07360218857296506 
822 0.07342871381293874 
823 0.07325571960388906 
824 0.07308320535365652 
825 0.07291117043441579 
826 0.07273961418948181 
827 0.07256853592132166 
828 0.0723979349094536 
829 0.07222781037923981 
830 0.07205816155044424 
831 0.07188898755415624 
832 0.0717202875667464 
833 0.07155206058253218 
834 0.07138430578982977 
835 0.07121702193182053 
836 0.07105020838405937 
837 0.07088386330961767 
838 0.07071798681878606 
839 0.0705525755009683 
840 0.07038763192801355 
841 0.070223147998106 
842 0.07005913430817151 
843 0.0698955679473368 
844 0.06973248595581044 
845 0.06956981668685303 
846 0.06940768649271299 
847 0.06924585739839431 
848 0.06908476686607647 
849 0.06892358892822795 
850 0.06876388232998486 
851 0.0686026706562321 
852 0.06844568714763448 
853 0.068281966541973 
854 0.06813239719770754 
855 0.06796026916532907 
856 0.06782375204500579 
857 0.06764319097109074 
858 0.06751125387032544 
859 0.06733277861076722 
860 0.0671963699549724 
861 0.06702488872087253 
862 0.06688368337395437 
863 0.06671759236750172 
864 0.06657379404728626 
865 0.06641083517759448 
866 0.06626627972103355 
867 0.06610484141900648 
868 0.06596088378896438 
869 0.06579971652742195 
870 0.0656575881658017 
871 0.06549546008200174 
872 0.06535651957124174 
873 0.06519213293299277 
874 0.06505766147356803 
875 0.06489020122359582 
876 0.06476028158129855 
877 0.06459057527453706 
878 0.0644631235308921 
879 0.06429367739203481 
880 0.06416597777539787 
881 0.06399892899052749 
882 0.06386976663506123 
883 0.06370553969546439 
884 0.0635752151876561 
885 0.06341309553774124 
886 0.0632825358450772 
887 0.0631215086819002 
888 0.06299170900605869 
889 0.0628308640337164 
890 0.06270261891027801 
891 0.06254137081528587 
892 0.06241502056230108 
893 0.062253329703188524 
894 0.062128547785580704 
895 0.06196698727106396 
896 0.06184294075326131 
897 0.061682354802197324 
898 0.06155826819441988 
899 0.06139922633496326 
900 0.061274805250237804 
901 0.06111736483187655 
902 0.06099278164439022 
903 0.06083663236201904 
904 0.06071229408418899 
905 0.0605570067730247 
906 0.060433333605299414 
907 0.06027855219450564 
908 0.060155817567240276 
909 0.06000138113928722 
910 0.059879616015375926 
911 0.05972560445160833 
912 0.059604605165661656 
913 0.059451276165248944 
914 0.05933073623399807 
915 0.059178370113974504 
916 0.059058054991727955 
917 0.058906808628133765 
918 0.05878665282891427 
919 0.058636514114532155 
920 0.05851660595015681 
921 0.058367444060879584 
922 0.05824794712122132 
923 0.05809959874926426 
924 0.057980665657933424 
925 0.05783301058390225 
926 0.05771471984312861 
927 0.05756772416246507 
928 0.05745005697445388 
929 0.0573037740225833 
930 0.057186638013258344 
931 0.05704116925034416 
932 0.05692445487359608 
933 0.05677989296700853 
934 0.05666352853442236 
935 0.05651991534918477 
936 0.056403891557279345 
937 0.05626121012721077 
938 0.05614556961399073 
939 0.056003765157141575 
940 0.05588857183314766 
941 0.055747584091669466 
942 0.05563289054459603 
943 0.05549268106462009 
944 0.055378507410909696 
945 0.055239072046819784 
946 0.055125402834666215 
947 0.05498676691067812 
948 0.05487356479811319 
949 0.05473576566554208 
950 0.05462299289999728 
951 0.05448606009683474 
952 0.054373695935152545 
953 0.054237639021251526 
954 0.05412568550229987 
955 0.05399049378147317 
956 0.05387896987790373 
957 0.053744621331848985 
958 0.05363355090847061 
959 0.05350002413641714 
960 0.053389424355952404 
961 0.053256707674513015 
962 0.053146582719822526 
963 0.0530146771264003 
964 0.052905018954134325 
965 0.05277393485013193 
966 0.05266472934771755 
967 0.052534479655497304 
968 0.052425714346238134 
969 0.052296307874657985 
970 0.052187977268313646 
971 0.052059415356437856 
972 0.05195152197104743 
973 0.05182379924936347 
974 0.051716350805603245 
975 0.05158945880419019 
976 0.05148246370489977 
977 0.051356395057896756 
978 0.051249858522030914 
979 0.051124609785765815 
980 0.05101853220165855 
981 0.050894104342713985 
982 0.05078848211919318 
983 0.050664878938344975 
984 0.050559706964978995 
985 0.05043693258767362 
986 0.050332206855436275 
987 0.05021026361886349 
988 0.05010598277358724 
989 0.0499848703840226 
990 0.0498810357404829 
991 0.04976075180244949 
992 0.049657366153202084 
993 0.04953790752664048 
994 0.04943497354372349 
995 0.04931633773984221 
996 0.04921385676808057 
997 0.04909604275726976 
998 0.04899401445017595 
999 0.04887702265371973 
1000 0.04877544543333935 
1001 0.048659277080862706 
1002 0.04855814903833567 
1003 0.048442805316264874 
1004 0.048342125052575284 
1005 0.048227606470735804 
1006 0.04812737351289045 
1007 0.048013679723954886 
1008 0.04791389442476211 
1009 0.04780102447452011 
1010 0.047701687556808564 
1011 0.047589640355357996 
1012 0.04749075238338021 
1013 0.04737952713769183 
1014 0.04728108816652425 
1015 0.0471706845921367 
1016 0.047072694110401866 
1017 0.04696311237971349 
1018 0.046865569504718235 
1019 0.046756810015724196 
1020 0.04665971379663633 
1021 0.04655177690642501 
1022 0.046455126575350024 
1023 0.046348012424975715 
1024 0.046251807495743744 
1025 0.04614551598268915 
1026 0.046049756188502614 
1027 0.04594428706380828 
1028 0.04584897219886314 
1029 0.045744325216050014 
1030 0.04564945497363087 
1031 0.04554563001123669 
1032 0.045451203890501744 
1033 0.045348201000830035 
1034 0.04525421830689246 
1035 0.04515203768788039 
1036 0.04505849760242149 
1037 0.0449571395243791 
1038 0.04486404119798113 
1039 0.04476350592911533 
1040 0.044670848548515024 
1041 0.04457113631268088 
1042 0.04447891911871565 
1043 0.04438003009597787 
1044 0.04428825235599686 
1045 0.04419018671474153 
1046 0.04409884767268645 
1047 0.044001605610848225 
1048 0.04391070444240083 
1049 0.04381428621720881 
1050 0.04372382200822838 
1051 0.043628227944526664 
1052 0.04353819969590781 
1053 0.04344343017543565 
1054 0.043353836824793254 
1055 0.04325989226675342 
1056 0.043170732712183045 
1057 0.04307761355650107 
1058 0.042988886670549425 
1059 0.04289659337075153 
1060 0.0428082980003208 
1061 0.04271683102649714 
1062 0.04262896598200433 
1063 0.04253832582944657 
1064 0.0424508898706345 
1065 0.04236107706832811 
1066 0.04227406889368086 
1067 0.042185084008622156 
1068 0.042098502251746606 
1069 0.04201034588829388 
1070 0.041924189120395604 
1071 0.04183686191655813 
1072 0.04175112865144828 
1073 0.04166463127496169 
1074 0.04157931997278622 
1075 0.041493653119002896 
1076 0.04140876218658737 
1077 0.04132392657851542 
1078 0.04123945436653952 
1079 0.04115545075591665 
1080 0.04107139555475795 
1081 0.040988224722576135 
1082 0.040904584758938656 
1083 0.04082224751438332 
1084 0.040739020949929886 
1085 0.04065751812774426 
1086 0.04057470305961843 
1087 0.040494035516758904 
1088 0.04041162997890832 
1089 0.04033179859156118 
1090 0.04024980055560486 
1091 0.04017080621716476 
1092 0.04008921359211846 
1093 0.04001105721193817 
1094 0.039929867842982636 
1095 0.03985255034507396 
1096 0.039771762012201374 
1097 0.039695284332933525 
1098 0.03961489475041811 
1099 0.03953925783465215 
1100 0.03945926465187882 
1101 0.039384469447644496 
1102 0.03930487025118021 
1103 0.03923091770357493 
1104 0.03915171001985168 
1105 0.03907860106503901 
1106 0.03899978236288541 
1107 0.038927517922828704 
1108 0.03884908561536093 
1109 0.038777666593412356 
1110 0.038699618039286655 
1111 0.03862904531624778 
1112 0.03855137782070941 
1113 0.038481652250738616 
1114 0.03840436306706147 
1115 0.03833548547292553 
1116 0.03825857180466595 
1117 0.03819054297223055 
1118 0.03811400197633182 
1119 0.038046822648648865 
1120 0.03797065143903425 
1121 0.03790432231069044 
1122 0.03782851796176351 
1123 0.03776303967417839 
1124 0.03768759922369147 
1125 0.03762297236181014 
1126 0.037547892812818034 
1127 0.03748411790327149 
1128 0.037409396225213526 
1129 0.03734647373569548 
1130 0.03727210686488792 
1131 0.03721003720435635 
1132 0.03713602204422989 
1133 0.037074805563616066 
1134 0.0370011389849029 
1135 0.036940775978228056 
1136 0.036867454819076585 
1137 0.03680794552510745 
1138 0.03673496659090403 
1139 0.03667631119560032 
1140 0.036603671258202804 
1141 0.036545869898165814 
1142 0.0364735656943315 
1143 0.03641661846127845 
1144 0.036344646690253286 
1145 0.03628855363630494 
1146 0.03621691095674387 
1147 0.036161672100125386 
1148 0.03609035512664594 
1149 0.03603597045733315 
1150 0.03596497575702172 
1151 0.03591144524192666 
1152 0.0358407693310294 
1153 0.03578809291846139 
1154 0.03571773225935633 
1155 0.03566590988264338 
1156 0.03559586088107674 
1157 0.03554489246131933 
1158 0.03547515146384717 
1159 0.03542503691177405 
1160 0.03535560020339136 
1161 0.035306339420210615 
1162 0.03523720322224444 
1163 0.03518879609928252 
1164 0.035119956567724396 
1165 0.03507240298457327 
1166 0.0350038562090838 
1167 0.03495715602996784 
1168 0.0348888980337811 
1169 0.03484305110191218 
1170 0.03477507784281004 
1171 0.0347300839725963 
1172 0.03466239134504151 
1173 0.03461825031211265 
1174 0.034550834150563224 
1175 0.03450754567964268 
1176 0.034440401763038725 
1177 0.03439796551371761 
1178 0.03433108957114014 
1179 0.03428950512160328 
1180 0.03422289283913244 
1181 0.03418215966787907 
1182 0.034115806696701376 
1183 0.03407592416232022 
1184 0.03400982612812671 
1185 0.03397079344724456 
1186 0.03390494596091577 
1187 0.033866762184537484 
