1 5.059798348203039 
2 4.985173580424413 
3 4.931613472455867 
4 4.887108925349751 
5 4.847852421549384 
6 4.812078789120462 
7 4.778805189202407 
8 4.747420709490993 
9 4.717516511090882 
10 4.688804080555893 
11 4.661071525127628 
12 4.634158314485589 
13 4.607939777119963 
14 4.5823171155265925 
15 4.557210717825382 
16 4.532555528148252 
17 4.508297751764052 
18 4.48439245347601 
19 4.460801770439005 
20 4.437493557799671 
21 4.414440345704515 
22 4.391618524515463 
23 4.369007700092504 
24 4.346590177730097 
25 4.3243505447489445 
26 4.302275329680078 
27 4.28035272158809 
28 4.258572337107186 
29 4.236925025694903 
30 4.215402705769598 
31 4.193998226010159 
32 4.172705247312686 
33 4.151518141825641 
34 4.130431906197848 
35 4.109442086727124 
36 4.0885447145302365 
37 4.067736249196525 
38 4.047013529658861 
39 4.026373731232864 
40 4.005814327950209 
41 3.9853330594537466 
42 3.964927901837797 
43 3.9445970419119445 
44 3.9243388544449203 
45 3.9041518820100776 
46 3.8840348171081294 
47 3.8639864862880864 
48 3.844005836025528 
49 3.824091920149522 
50 3.804243888636933 
51 3.784460977616113 
52 3.76474250044198 
53 3.7450878397215592 
54 3.725496440183868 
55 3.7059678023007656 
56 3.6865014765764297 
57 3.667097058432787 
58 3.64775418362657 
59 3.628472524141018 
60 3.6092517845016867 
61 3.590091698471441 
62 3.5709920260846877 
63 3.551952550985286 
64 3.5329730780364335 
65 3.5140534311742537 
66 3.4951934514798237 
67 3.4763929954471076 
68 3.457651933426602 
69 3.438970148226674 
70 3.4203475338564253 
71 3.401783994395616 
72 3.3832794429787065 
73 3.36483380088138 
74 3.3464469966991355 
75 3.3281189656086148 
76 3.309849648703268 
77 3.2916389923958302 
78 3.273486947880866 
79 3.2553934706513004 
80 3.2373585200634967 
81 3.2193820589459805 
82 3.2014640532474092 
83 3.1836044717198404 
84 3.1658032856337437 
85 3.148060468521562 
86 3.1303759959469466 
87 3.1127498452971007 
88 3.095181995595891 
89 3.0776724273356506 
90 3.060221122325802 
91 3.042828063556598 
92 3.025493235076474 
93 3.008216621881642 
94 2.9909982098167 
95 2.9738379854851438 
96 2.9567359361688017 
97 2.939692049755286 
98 2.922706314672662 
99 2.9057787198306078 
100 2.8889092545674147 
101 2.8720979086022473 
102 2.8553446719921287 
103 2.8386495350931797 
104 2.8220124885256825 
105 2.8054335231425944 
106 2.788912630001154 
107 2.7724498003372715 
108 2.7560450255424316 
109 2.739698297142845 
110 2.7234096067806366 
111 2.7071789461968443 
112 2.691006307216076 
113 2.6748916817326234 
114 2.658835061697918 
115 2.642836439109173 
116 2.626895805999096 
117 2.6110131544265713 
118 2.5951884764682056 
119 2.5794217642106547 
120 2.563713009743645 
121 2.5480622051536326 
122 2.5324693425180165 
123 2.516934413899871 
124 2.5014574113431194 
125 2.4860383268681288 
126 2.470677152467663 
127 2.455373880103169 
128 2.4401285017013508 
129 2.4249410091510186 
130 2.4098113943001604 
131 2.3947396489532333 
132 2.3797257648686436 
133 2.3647697337563867 
134 2.3498715472758493 
135 2.335031197033733 
136 2.320248674582108 
137 2.3055239714165605 
138 2.290857078974443 
139 2.276247988633204 
140 2.2616966917087855 
141 2.247203179454091 
142 2.2327674430575053 
143 2.218389473641462 
144 2.2040692622610574 
145 2.189806799902691 
146 2.1756020774827483 
147 2.1614550858462973 
148 2.147365815765814 
149 2.133334257939922 
150 2.119360402992143 
151 2.105444241469664 
152 2.0915857638421005 
153 2.0777849605002747 
154 2.0640418217549863 
155 2.050356337835788 
156 2.0367284988897563 
157 2.0231582949802505 
158 2.0096457160856773 
159 1.9961907520982345 
160 1.98279339282265 
161 1.969453627974906 
162 1.9561714471809537 
163 1.9429468399754048 
164 1.9297797958002174 
165 1.916670304003355 
166 1.903618353837431 
167 1.8906239344583338 
168 1.877687034923827 
169 1.864807644192133 
170 1.8519857511204894 
171 1.839221344463679 
172 1.8265144128725421 
173 1.8138649448924549 
174 1.8012729289617848 
175 1.7887383534103152 
176 1.776261206457643 
177 1.7638414762115437 
178 1.7514791506663048 
179 1.7391742177010308 
180 1.7269266650779094 
181 1.7147364804404468 
182 1.7026036513116662 
183 1.6905281650922677 
184 1.6785100090587564 
185 1.6665491703615212 
186 1.6546456360228872 
187 1.6427993929351128 
188 1.631010427858352 
189 1.6192787274185743 
190 1.6076042781054323 
191 1.5959870662700897 
192 1.5844270781229965 
193 1.5729242997316184 
194 1.5614787170181124 
195 1.5500903157569508 
196 1.538759081572493 
197 1.527484999936499 
198 1.516268056165586 
199 1.5051082354186276 
200 1.49400552269409 
201 1.4829599028273057 
202 1.4719713604876827 
203 1.4610398801758475 
204 1.4501654462207156 
205 1.4393480427764958 
206 1.4285876538196158 
207 1.417884263145576 
208 1.4072378543657214 
209 1.3966484109039345 
210 1.386115915993243 
211 1.3756403526723424 
212 1.365221703782027 
213 1.354859951961531 
214 1.3445550796447703 
215 1.3343070690564884 
216 1.324115902208297 
217 1.3139815608946135 
218 1.303904026688485 
219 1.2938832809373007 
220 1.283919304758386 
221 1.2740120790344729 
222 1.264161584409045 
223 1.2543678012815505 
224 1.2446307098024771 
225 1.234950289868289 
226 1.225326521116212 
227 1.21575938291887 
228 1.2062488543787595 
229 1.1967949143225614 
230 1.1873975412952804 
231 1.1780567135542068 
232 1.1687724090626905 
233 1.1595446054837242 
234 1.1503732801733257 
235 1.1412584101737078 
236 1.1321999722062324 
237 1.1231979426641368 
238 1.114252297605021 
239 1.1053630127430898 
240 1.096530063441133 
241 1.0877534247022387 
242 1.0790330711612226 
243 1.0703689770757625 
244 1.0617611163172251 
245 1.05320946236117 
246 1.0447139882775138 
247 1.036274666720344 
248 1.0278914699173576 
249 1.0195643696589156 
250 1.0112933372866844 
251 1.003078343681855 
252 0.9949193592529063 
253 0.9868163539229027 
254 0.9787692971162861 
255 0.9707781577451564 
256 0.9628429041949912 
257 0.954963504309794 
258 0.9471399253766271 
259 0.9393721341095014 
260 0.9316600966325881 
261 0.92400377846271 
262 0.9164031444910768 
263 0.9088581589642154 
264 0.9013687854640513 
265 0.8939349868870952 
266 0.8865567254226686 
267 0.8792339625301265 
268 0.8719666589150009 
269 0.8647547745040063 
270 0.8575982684188355 
271 0.8504970989486592 
272 0.8434512235212595 
273 0.8364605986726911 
274 0.8295251800153856 
275 0.8226449222045836 
276 0.8158197789029857 
277 0.8090497027434916 
278 0.8023346452898974 
279 0.7956745569954006 
280 0.7890693871587536 
281 0.782519083877889 
282 0.776023594000829 
283 0.7695828630736673 
284 0.7631968352853988 
285 0.7568654534093437 
286 0.7505886587408954 
287 0.7443663910312905 
288 0.7381985884170695 
289 0.7320851873448649 
290 0.7260261224911152 
291 0.7200213266762612 
292 0.714070730772935 
293 0.7081742636075967 
294 0.7023318518550191 
295 0.6965434199249474 
296 0.6908088898401911 
297 0.6851281811053174 
298 0.6795012105650159 
299 0.6739278922510994 
300 0.668408137216975 
301 0.6629418533582822 
302 0.6575289452182266 
303 0.6521693137759556 
304 0.6468628562161065 
305 0.6416094656774133 
306 0.6364090309779752 
307 0.6312614363144661 
308 0.626166560932188 
309 0.6211242787624361 
310 0.6161344580231388 
311 0.611196960778155 
312 0.6063116424499229 
313 0.6014783512793658 
314 0.5966969277260327 
315 0.5919672038003667 
316 0.5872890023187268 
317 0.5826621360703012 
318 0.5780864068833097 
319 0.5735616045758487 
320 0.5690875057743334 
321 0.5646638725796895 
322 0.5602904510581674 
323 0.5559669695298287 
324 0.5516931366233321 
325 0.5474686390605501 
326 0.5432931391287594 
327 0.5391662717916572 
328 0.5350876413833779 
329 0.531056817822228 
330 0.5270733322735144 
331 0.5231366721844476 
332 0.5192462756101133 
333 0.5154015247502977 
334 0.5116017386262852 
335 0.5078461648504411 
336 0.5041339704881239 
337 0.5004642320938237 
338 0.4968359251387127 
339 0.49324791325737516 
340 0.4896989380530438 
341 0.48618761063645477 
342 0.4827124066406512 
343 0.4792716671183721 
344 0.47586360837415903 
345 0.472486344165485 
346 0.4691379234272468 
347 0.46581638523579333 
348 0.46251982975761186 
349 0.45924649957025293 
350 0.4559948610719893 
351 0.45276367269457585 
352 0.44955202734924676 
353 0.4463593616435724 
354 0.44318543227528934 
355 0.4400302673856354 
356 0.4368941046649792 
357 0.4337773278111508 
358 0.43068040977584515 
359 0.4276038671376126 
360 0.424548226496385 
361 0.4215140016421359 
362 0.4185016793247928 
363 0.4155117113462206 
364 0.41254451100491285 
365 0.40960045236857656 
366 0.4066798712768563 
367 0.40378306732493935 
368 0.40091030633818 
369 0.39806182302976834 
370 0.3952378236557166 
371 0.39243848856097224 
372 0.3896639745607864 
373 0.38691441713247987 
374 0.3841899324112753 
375 0.38149061899451 
376 0.37881655956428184 
377 0.37616782234133095 
378 0.3735444623839322 
379 0.3709465227455119 
380 0.3683740355040796 
381 0.3658270226756516 
382 0.3633054970228124 
383 0.36080946276850456 
384 0.3583389162241114 
385 0.35589384633992927 
386 0.35347423518522597 
387 0.35108005836425554 
388 0.34871128537384277 
389 0.3463678799074591 
390 0.344049800110078 
391 0.34175699878751903 
392 0.339489423573454 
393 0.33724701705675136 
394 0.3350297168713719 
395 0.33283745575059026 
396 0.3306701615468964 
397 0.32852775721852706 
398 0.3264101607831788 
399 0.324317285239057 
400 0.32224903845301517 
401 0.32020532301512394 
402 0.31818603605857915 
403 0.3161910690433998 
404 0.3142203075018747 
405 0.3122736307431824 
406 0.3103509115140185 
407 0.3084520156114149 
408 0.3065768014432055 
409 0.3047251195307779 
410 0.30289681194783497 
411 0.30109171168785737 
412 0.2993096419518062 
413 0.29755041534631316 
414 0.29581383298118313 
415 0.29409968345348314 
416 0.2924077417038398 
417 0.2907377677288751 
418 0.2890895051320751 
419 0.28746267949398907 
420 0.2858569965417779 
421 0.2842721400982227 
422 0.28270776979205603 
423 0.2811635185159301 
424 0.2796389896270197 
425 0.27813375390036493 
426 0.2766473462696591 
427 0.27517926242835683 
428 0.2737289554208504 
429 0.27229583243481204 
430 0.27087925211688263 
431 0.2694785228767217 
432 0.2680929028127958 
433 0.26672160206468454 
434 0.26536378852203996 
435 0.2640185978153826 
436 0.2626851482623469 
437 0.26136256082783005 
438 0.260049983133827 
439 0.25874661525980586 
440 0.2574517338966917 
441 0.25616471093433146 
442 0.2548850232626354 
443 0.2536122524742057 
444 0.2523460756531297 
445 0.2510862505226948 
446 0.24983259909554362 
447 0.24858499344093038 
448 0.24734334569065228 
449 0.24610760264899112 
450 0.24487774395318573 
451 0.24365378197542303 
452 0.24243576161469974 
453 0.2412237586389539 
454 0.24001787602370336 
455 0.23881823848919126 
456 0.23762498593937773 
457 0.23643826667206608 
458 0.2352582311159249 
459 0.2340850265862915 
460 0.2329187932656117 
461 0.23175966138816825 
462 0.23060774947094834 
463 0.2294631633745299 
464 0.22832599597523373 
465 0.2271963272572968 
466 0.22607422467257765 
467 0.22495974365392457 
468 0.2238529282013962 
469 0.22275381148639303 
470 0.22166241643779616 
471 0.2205787562876069 
472 0.21950283506266655 
473 0.21843464801502083 
474 0.21737418198733413 
475 0.21632141571218955 
476 0.21527632004566444 
477 0.21423885813664875 
478 0.21320898553427786 
479 0.21218665023684097 
480 0.21117179268684202 
481 0.21016434571878972 
482 0.20916423446906401 
483 0.20817137626120125 
484 0.2071856804855423 
485 0.20620704849985058 
486 0.2052353735876154 
487 0.20427054102357528 
488 0.20331242831136337 
489 0.20236090567515844 
490 0.20141583690352213 
491 0.20047708065489547 
492 0.19954449233356952 
493 0.19861792662279373 
494 0.19769724070730116 
495 0.19678229812278134 
496 0.19587297303571652 
497 0.19496915460145525 
498 0.19407075091081852 
499 0.19317769197119586 
500 0.19228993122795024 
501 0.1914074453328784 
502 0.19053023216925516 
503 0.18965830745829362 
504 0.1887917004983763 
505 0.1879304496618672 
506 0.18707459819490965 
507 0.1862241906879802 
508 0.1853792703827953 
509 0.1845398773127394 
510 0.18370604716641947 
511 0.18287781071655987 
512 0.18205519365330675 
513 0.181238216682877 
514 0.18042689578381363 
515 0.17962124254412115 
516 0.1788212645285415 
517 0.17802696564484827 
518 0.17723834649175857 
519 0.1764554046800547 
520 0.17567813512405442 
521 0.17490653030375622 
522 0.1741405804996576 
523 0.17338027400298112 
524 0.17262559730424507 
525 0.1718765352630256 
526 0.17113307126153118 
527 0.17039518734432924 
528 0.1696628643462795 
529 0.16893608201045912 
530 0.16821481909761757 
531 0.16749905348847902 
532 0.16678876228000908 
533 0.1660839218765792 
534 0.16538450807678923 
535 0.1646904961565426 
536 0.1640018609488005 
537 0.1633185769202771 
538 0.1626406182451615 
539 0.16196795887577595 
540 0.16130057260989453 
541 0.1606384331542592 
542 0.1599815141836448 
543 0.15932978939464976 
544 0.15868323255323072 
545 0.1580418175348775 
546 0.1574055183562445 
547 0.15677430919704116 
548 0.15614816441104282 
549 0.15552705852523382 
550 0.15491096622633468 
551 0.15429986233430215 
552 0.15369372176280413 
553 0.1530925194671469 
554 0.15249623038063287 
555 0.15190482934081792 
556 0.15131829100757616 
557 0.150736589775229 
558 0.1501596996812238 
559 0.14958759431393887 
560 0.14902024672214115 
561 0.1484576293284448 
562 0.14789971384882503 
563 0.14734647121986483 
564 0.1467978715349619 
565 0.14625388399021372 
566 0.14571447684012281 
567 0.14517961736260385 
568 0.14464927183200132 
569 0.14412340549791697 
570 0.14360198256658482 
571 0.14308496618033759 
572 0.14257231838944476 
573 0.14206400010938852 
574 0.1415599710556806 
575 0.14106018964788336 
576 0.1405646128749504 
577 0.1400731961158097 
578 0.1395858929128327 
579 0.13910265470212 
580 0.13862343051406778 
581 0.13814816667101637 
582 0.13767680652594427 
583 0.13720929030590082 
584 0.13674555514239214 
585 0.13628553538068972 
586 0.13582916324930397 
587 0.1353763699266243 
588 0.13492708695740185 
589 0.13448124785881155 
590 0.13403878965093655 
591 0.13359965400206872 
592 0.13316378773363627 
593 0.13273114257564592 
594 0.13230167424491418 
595 0.13187534106348608 
596 0.13145210240040467 
597 0.1310319172090841 
598 0.1306147428769698 
599 0.13020053453682653 
600 0.12978924492589894 
601 0.12938082481860932 
602 0.12897522399117334 
603 0.12857239259907705 
604 0.12817228277239734 
605 0.12777485018502877 
606 0.12738005535757552 
607 0.12698786451636673 
608 0.1265982499312478 
609 0.12621118975469375 
610 0.1258266674535117 
611 0.1254446709531333 
612 0.1250651916132073 
613 0.12468822313678544 
614 0.12431376049350511 
615 0.12394179891338764 
616 0.12357233298384467 
617 0.12320535586087067 
618 0.12284085858962089 
619 0.12247882952223627 
620 0.12211925382278582 
621 0.12176211305992146 
622 0.12140738490554503 
623 0.12105504297929724 
624 0.12070505689811598 
625 0.12035739259752988 
626 0.12001201297363255 
627 0.11966887884155449 
628 0.1193279501215699 
629 0.11898918707496924 
630 0.11865255136282399 
631 0.11831800672632706 
632 0.1179855191833541 
633 0.11765505675810974 
634 0.11732658885618387 
635 0.11700008543793397 
636 0.1166755161338624 
637 0.11635284940964873 
638 0.11603205184829178 
639 0.11571308758548335 
640 0.11539591791574672 
641 0.11508050107969554 
642 0.11476679224381738 
643 0.11445474368975975 
644 0.11414430523542997 
645 0.11383542490835544 
646 0.11352804987379411 
647 0.11322212757944292 
648 0.11291760701883827 
649 0.11261443995646055 
650 0.1123125819294258 
651 0.11201199286627493 
652 0.1117126372393242 
653 0.11141448376534266 
654 0.11111750475311494 
655 0.11082167524563859 
656 0.1105269721129677 
657 0.11023337323766003 
658 0.1099408568997494 
659 0.10964940144340049 
660 0.10935898525865188 
661 0.109069587095826 
662 0.10878118665059579 
663 0.10849376535658144 
664 0.10820730720546749 
665 0.10792179948018857 
666 0.10763723318417984 
667 0.10735360314004422 
668 0.10707090766824012 
669 0.10678914799427923 
670 0.10650832744307563 
671 0.10622845062370384 
672 0.10594952267701276 
673 0.10567154869966086 
674 0.10539453335391151 
675 0.10511848067447416 
676 0.10484339403389317 
677 0.10456927622702737 
678 0.10429612962339317 
679 0.10402395634303811 
680 0.10375275841936116 
681 0.10348253792543902 
682 0.1032132970529588 
683 0.10294503814368006 
684 0.10267776368062737 
685 0.10241147624988642 
686 0.10214617848451513 
687 0.10188187300072093 
688 0.10161856233411098 
689 0.10135624888127648 
690 0.1010949348497047 
691 0.10083462221723997 
692 0.1005753127010747 
693 0.10031700773547794 
694 0.10005970845706075 
695 0.09980341569622488 
696 0.09954812997345575 
697 0.09929385149923027 
698 0.09904058017646583 
699 0.09878831560460671 
700 0.0985370570846087 
701 0.09828680362423102 
702 0.098037553943173 
703 0.09778930647769898 
704 0.09754205938448261 
705 0.09729581054346932 
706 0.0970505575596098 
707 0.096806297763358 
708 0.09656302820985757 
709 0.09632074567676362 
710 0.0960794466606626 
711 0.09583912737206673 
712 0.09559978372896667 
713 0.09536141134893636 
714 0.09512400553978917 
715 0.09488756128879439 
716 0.09465207325047217 
717 0.09441753573299952 
718 0.09418394268327658 
719 0.09395128767072804 
720 0.09371956386994479 
721 0.09348876404231349 
722 0.09325888051683476 
723 0.09302990517039823 
724 0.09280182940786799 
725 0.09257464414243623 
726 0.09234833977683024 
727 0.0921229061861097 
728 0.09189833270296917 
729 0.09167460810666418 
730 0.0914517206169063 
731 0.09122965789431335 
732 0.09100840704924662 
733 0.09078795466109275 
734 0.09056828681022534 
735 0.09034938912496887 
736 0.09013124684582816 
737 0.08991384490897558 
738 0.08969716805043518 
739 0.08948120093149482 
740 0.08926592828456979 
741 0.08905133507702062 
742 0.08883740668835945 
743 0.08862412909401078 
744 0.08841148904658964 
745 0.08819947424387982 
746 0.08798807347175616 
747 0.08777727671058792 
748 0.08756707519543942 
749 0.08735746142365536 
750 0.08714842910786491 
751 0.0869399730774408 
752 0.08673208913618953 
753 0.0865247738877209 
754 0.08631802454195203 
755 0.08611183871633397 
756 0.085906214243836 
757 0.0857011489970118 
758 0.08549664073426441 
759 0.08529268697136501 
760 0.08508928487882188 
761 0.0848864312040821 
762 0.08468412221680524 
763 0.08448235367545415 
764 0.08428112081399788 
765 0.08408041834838018 
766 0.08388024050333319 
767 0.08368058106087695 
768 0.08348143343220288 
769 0.08328279075436466 
770 0.08308464601209113 
771 0.08288699218298233 
772 0.08268982240142557 
773 0.08249313013312404 
774 0.0822969093488382 
775 0.08210115468370176 
776 0.08190586156817961 
777 0.08171102631889512 
778 0.08151664618200997 
779 0.08132271932768938 
780 0.08112924480007487 
781 0.08093622243179656 
782 0.08074365273457111 
783 0.0805515367777359 
784 0.08035987606513538 
785 0.08016867241835424 
786 0.07997792787160565 
787 0.07978764458114611 
788 0.07959782475015915 
789 0.07940847056869202 
790 0.07921958416738001 
791 0.07903116758324753 
792 0.07884322273571756 
793 0.07865575141099242 
794 0.07846875525311367 
795 0.07828223576021126 
796 0.07809619428467189 
797 0.07791063203617564 
798 0.07772555008674863 
799 0.07754094937715574 
800 0.07735683072410689 
801 0.0771731948278757 
802 0.07699004228002902 
803 0.07680737357104919 
804 0.07662518909769243 
805 0.07644348916997967 
806 0.07626227401774997 
807 0.07608154379674165 
808 0.07590129859417857 
809 0.07572153843386817 
810 0.0755422632808084 
811 0.07536347304533787 
812 0.07518516758682556 
813 0.07500734671696078 
814 0.07483001020261508 
815 0.07465315776838168 
816 0.07447678909869666 
817 0.07430090383974859 
818 0.07412550160091869 
819 0.07395058195620129 
820 0.0737761444449587 
821 0.07360218857305799 
822 0.07342871381279129 
823 0.07325571960412412 
824 0.07308320535327968 
825 0.07291117043502295 
826 0.07273961418849828 
827 0.07256853592292326 
828 0.07239793490683148 
829 0.07222781038355588 
830 0.07205816154330055 
831 0.07188898756604603 
832 0.07172028754684386 
833 0.07155206061604175 
834 0.0713843057330727 
835 0.07121702202854203 
836 0.07105020821819626 
837 0.07088386359588414 
838 0.07071798632143134 
839 0.07055257637095326 
840 0.07038763039551187 
841 0.07022315071706825 
842 0.0700591294481524 
843 0.06989557670003198 
844 0.06973247006651748 
845 0.06956984575669706 
846 0.0694076328425321 
847 0.06924595716603037 
848 0.06908457941878515 
849 0.0689239431343366 
850 0.06876320318420637 
851 0.06860396903422562 
852 0.06844313905204995 
853 0.06828674461653877 
854 0.06812315957723764 
855 0.06797465842488573 
856 0.06780215087224543 
857 0.06766699159310706 
858 0.0674862280978728 
859 0.06735494215401454 
860 0.0671769102591016 
861 0.06704073248030139 
862 0.06686988248028908 
863 0.06672890119295238 
864 0.06656335921198567 
865 0.06641987793910785 
866 0.06625735083530698 
867 0.06611321220730262 
868 0.06595208684642466 
869 0.06580865933470884 
870 0.06564766361677098 
871 0.0655062218592664 
872 0.06534407623319141 
873 0.06520603921499249 
874 0.06504141528551767 
875 0.06490804474524103 
876 0.0647402404468746 
877 0.06461135367709514 
878 0.06444151502339132 
879 0.06431468080984935 
880 0.06414553539086089 
881 0.06401804354351816 
882 0.06385159160014396 
883 0.06372247816202327 
884 0.06355889639677854 
885 0.06342865350260342 
886 0.0632670889026785 
887 0.0631367252551334 
888 0.06297611938834526 
889 0.06284665085550646 
890 0.06268609792546172 
891 0.06255829758153242 
892 0.06239725848685328 
893 0.06227139176746282 
894 0.06210991820103663 
895 0.061985548203418124 
896 0.06182430830564775 
897 0.061700536554173756 
898 0.061540399431014955 
899 0.061416478571666246 
900 0.0612579586843723 
901 0.06113366986413462 
902 0.06097675062677807 
903 0.06085232882864332 
904 0.06069665270742634 
905 0.0605725350879971 
906 0.06041765866603664 
907 0.060294266152110275 
908 0.06013984517816748 
909 0.06001742791794795 
910 0.05986333207696582 
911 0.059741882616521504 
912 0.05958822894175175 
913 0.059467508851686036 
914 0.05931457974264811 
915 0.05919427111443853 
916 0.05904234617839024 
917 0.05892222889378359 
918 0.05877144420634279 
919 0.05865147855501286 
920 0.058501797395757754 
921 0.05838209326924715 
922 0.05823336876141524 
923 0.05811409963800419 
924 0.057966164856694605 
925 0.05784748081452565 
926 0.057700222723506465 
927 0.05758219051145237 
928 0.057435588509998615 
929 0.05731817462396818 
930 0.05717229484117877 
931 0.05705539668625745 
932 0.056910346748542305 
933 0.056793853545145406 
934 0.05664972362833161 
935 0.056533570290236625 
936 0.05639039412897421 
937 0.05627458079631667 
938 0.056132332850097756 
939 0.056016909507916844 
940 0.05587552989884261 
941 0.055760563106632195 
942 0.0556199912789225 
943 0.05550553150504021 
944 0.05536573259303034 
945 0.055251794892366625 
946 0.05511276994089739 
947 0.05499933365348816 
948 0.05486111215845098 
949 0.05474813706126839 
950 0.05461075775820798 
951 0.05449820648551167 
952 0.05436169739129186 
953 0.05424955200015678 
954 0.054113919575331466 
955 0.054002185500113375 
956 0.05386741614389073 
957 0.05375611470073742 
958 0.05362218493567249 
959 0.05351134049043255 
960 0.05337822922183367 
961 0.05326785776713759 
962 0.05313555487800329 
963 0.05302565861066366 
964 0.05289416697882713 
965 0.05278473611233563 
966 0.052654067425328036 
967 0.05254508709983515 
968 0.052415254505094856 
969 0.05230671263322107 
970 0.052177724223137815 
971 0.05206961641951902 
972 0.051941472407961646 
973 0.05183380235328677 
974 0.05170649643824011 
975 0.051599272538969856 
976 0.05147279588797128 
977 0.05136602655220878 
978 0.05124037204665961 
979 0.05113406195769776 
980 0.05100922677404028 
981 0.050903375593466534 
982 0.050779361339397824 
983 0.05067396492254908 
984 0.05055077577229992 
985 0.050445828839544994 
986 0.050323468916733574 
987 0.050218967664989 
988 0.05009743901592295 
989 0.04999338249350874 
990 0.0498726844434318 
991 0.0497690743359999 
992 0.04964920421335237 
993 0.04954604348967877 
994 0.0494269980872368 
995 0.049324289360768055 
996 0.049206066319099316 
997 0.049103810714244266 
998 0.04898640923278634 
999 0.04888460615008628 
1000 0.04876802685907559 
1001 0.048666674550911275 
1002 0.04855091878441835 
1003 0.04845001530857584 
1004 0.04833508423421776 
1005 0.04823462827427023 
1006 0.04812052230079442 
1007 0.0480205135140606 
1008 0.04790723217951105 
1009 0.0478076710224908 
1010 0.04769521330351039 
1011 0.04759610053045608 
1012 0.04748446533857451 
1013 0.047385801469741404 
1014 0.047274988071841585 
1015 0.04717677307394606 
1016 0.047066781268728736 
1017 0.04696901454135262 
1018 0.046859844570318776 
1019 0.046762525174941484 
1020 0.04665417746888988 
1021 0.04655730444312764 
1022 0.04644977935496299 
1023 0.04635335195209361 
1024 0.04624664959782817 
1025 0.04615066736185259 
1026 0.04604478761476281 
1027 0.04594925029568297 
1028 0.04584419289959849 
1029 0.045749100283746465 
1030 0.04564486500668034 
1031 0.04555021675703281 
1032 0.045446803507660546 
1033 0.04535259908215423 
1034 0.04525000794710061 
1035 0.045156246612165045 
1036 0.045054477817485825 
1037 0.04496115872750936 
1038 0.044860212560534116 
1039 0.044767334851544514 
1040 0.044667211587840636 
1041 0.04457477443979244 
1042 0.04447547430644736 
1043 0.04438347695366908 
1044 0.04428500013591558 
1045 0.044193441833507936 
1046 0.04409578851052428 
1047 0.04400466848227593 
1048 0.04390783886864692 
1049 0.04381715626389215 
1050 0.04372115063692403 
1051 0.04363090451281649 
1052 0.043535723217581035 
1053 0.04344591254761907 
1054 0.04335155598385409 
1055 0.04326217968141097 
1056 0.04316864828347699 
1057 0.04307970522518194 
1058 0.0429869994462869 
1059 0.042898488484126224 
1060 0.04280660879085085 
1061 0.0427185287499652 
1062 0.042627475626561724 
1063 0.04253982529311559 
1064 0.04244959925058112 
1065 0.04236237735750776 
1066 0.042272978941616864 
1067 0.042186184158915015 
1068 0.04209761395362861 
1069 0.04201124488590929 
1070 0.04192350351192893 
1071 0.04183755870170216 
1072 0.04175064681243583 
1073 0.0416651247452642 
1074 0.04157904302307863 
1075 0.04149394213088325 
1076 0.04140869128542353 
1077 0.041324009946196255 
1078 0.04123959071477135 
1079 0.04115532724929603 
1080 0.041071740397988006 
1081 0.040987893065626585 
1082 0.040905139389516704 
1083 0.04082170638514763 
1084 0.040739786706780294 
1085 0.04065676615990077 
1086 0.040575681326217895 
1087 0.0404930713018501 
1088 0.04041282218062096 
1089 0.04033062068078294 
1090 0.04025120815762097 
1091 0.04016941312210902 
1092 0.04009083809856869 
1093 0.040009447404495024 
1094 0.0399317107968965 
1095 0.039850722257336386 
1096 0.039773824995373346 
1097 0.03969323635807116 
1098 0.03961717938222184 
1099 0.039536988329312434 
1100 0.03946177258656801 
1101 0.039381976735761215 
1102 0.039307603173907364 
1103 0.039228200080894844 
1104 0.039154669642141975 
1105 0.03907565680349611 
1106 0.03900297041838465 
1107 0.03892434527415792 
1108 0.038852503856343756 
1109 0.03877426379192449 
1110 0.038703268233881316 
1111 0.038625410581192815 
1112 0.038555261750360746 
1113 0.03847778378891498 
1114 0.038408482523626164 
1115 0.038331381482055164 
1116 0.038262928586750206 
1117 0.03818620164520991 
1118 0.03811859788490596 
1119 0.03804224217832097 
1120 0.03797548827276922 
1121 0.037899500894484406 
1122 0.037833597512738064 
1123 0.03775797551795241 
1124 0.03769292327404144 
1125 0.037617663682487715 
1126 0.03755346313260634 
1127 0.0374785629302348 
1128 0.037415214571447725 
1129 0.03734067071121419 
1130 0.037278174981366284 
1131 0.03720398438345322 
1132 0.037142341661852096 
1133 0.03706850121367561 
1134 0.03700771182222517 
1135 0.03693421837842071 
1136 0.036874282583125584 
1137 0.036801132965461725 
1138 0.03674205097845833 
1139 0.03666924197543157 
1140 0.03661101395780888 
1141 0.03653854232361674 
1142 0.03648116838922127 
1143 0.036409030841912285 
1144 0.03635251106212589 
1145 0.036280704280927445 
1146 0.03622503869016116 
1147 0.03615355931219218 
1148 0.036098747913660245 
1149 0.03602759253035731 
1150 0.03597363530164816 
1151 0.035902800455231705 
1152 0.03584969735327648 
1153 0.03577917953347838 
1154 0.03572693049867564 
1155 0.03565672613980484 
1156 0.03560533109921218 
1157 0.03553543657752297 
1158 0.0354848954471057 
1159 0.035415307078402215 
1160 0.035365619764313544 
1161 0.03529633380177757 
1162 0.03524750020055722 
1163 0.03517851283288986 
1164 0.035130532830362944 
1165 0.03506184018043056 
1166 0.03501471364902015 
1167 0.03494631177324627 
1168 0.034900038567414776 
1169 0.03483192345614482 
1170 0.03478650340574713 
1171 0.03471867098474545 
1172 0.034674103886181695 
1173 0.03460655001933504 
1174 0.03456283562449089 
1175 0.03449555611772539 
1176 0.03445269412075263 
1177 0.03438568472714477 
1178 0.034343674749156526 
1179 0.03427693117523038 
1180 0.03423577274697833 
1181 0.03416929066021034 
1182 0.03412898320280673 
1183 0.03406275824037866 
1184 0.03402330104414926 
1185 0.03395732882297556 
1186 0.033918721024598655 
1187 0.03385299715260006 
1188 0.03381523771079336 
1189 0.03374975779930455 
1190 0.03371284546944913 
1191 0.03364760514655385 
1192 0.033611538454765 
1193 0.033546533379270826 
1194 0.033511310596517914 
1195 0.033446536472228096 
1196 0.03341215558915891 
1197 0.03334760817907485 
1198 0.03331406688221411 
1199 0.03324974202230362 
1200 0.03321703767227732 
1201 0.03315293128446093 
1202 0.03312106089685643 
1203 0.03305716900089017 
1204 0.0330261292302994 
1205 0.03296244795426618 
1206 0.032932235081973314 
1207 0.0328687606711409 
1208 0.03283937059680232 
1209 0.03277609942067029 
1210 0.03274752765818913 
1211 0.032684456215633935 
1212 0.032656697893259194 
1213 0.03259382281579123 
1214 0.032566872680284215 
1215 0.03250419073354487 
1216 0.03247804315807292 
1217 0.03241555124180503 
1218 0.032390200237067054 
1219 0.03232789538387565 
1220 0.03230333461185285 
1221 0.03224121398512108 
1222 0.03221743677479032 
1223 0.032155497666126166 
1224 0.03213249703047292 
1225 0.03207073685703734 
1226 0.03204850551075245 
1227 0.03198692181276995 
1228 0.031965452190096166 
1229 0.03190404262878328 
1230 0.031883326901081616 
1231 0.03182208925715773 
1232 0.03180211934987841 
1233 0.031741051522751584 
1234 0.03172181913161181 
1235 0.031660919139263444 
1236 0.031642415745550094 
1237 0.03158168172507596 
1238 0.03156389861010028 
1239 0.03150332881880431 
1240 0.03148625707763361 
1241 0.03142584989451619 
1242 0.03140948044918857 
1243 0.03134923437662702 
1244 0.03133355798911392 
1245 0.03127347165450339 
1246 0.03125847893971704 
1247 0.031198551096827582 
1248 0.03118423253597538 
1249 0.03112446206578586 
1250 0.031110808020352876 
1251 0.031051193931143292 
1252 0.031038194657742605 
1253 0.030978736084258298 
1254 0.030966381750532627 
1255 0.03090707795207378 
1256 0.030895358653766983 
1257 0.03083620901110014 
1258 0.0308251147903492 
1259 0.030766118801381765 
1260 0.030755639666212062 
1261 0.03069679694041471 
1262 0.03068692288535717 
1263 0.030628233136960944 
1264 0.030618954164650995 
1265 0.030560417204685195 
1266 0.030551723348253058 
1267 0.030493339075524442 
1268 0.030485220421546104 
1269 0.03042698881268844 
1270 0.030419435524439042 
1271 0.030361356623182244 
1272 0.030354358963919054 
1273 0.030296432869739067 
1274 0.030289981225739945 
1275 0.030232208082053773 
1276 0.030226292985147056 
1277 0.03016867296721366 
1278 0.030163285116554597 
1279 0.03010581841923324 
1280 0.03010094870210737 
1281 0.03004363552761272 
1282 0.03003927503907562 
1283 0.029982115584854387 
1284 0.029978255646048144 
1285 0.029921250092886816 
1286 0.02991788226790494 
1287 0.029861030768362253 
1288 0.029858146879565613 
1289 0.029801449546807503 
1290 0.029799041688524132 
1291 0.029742498585622577 
1292 0.029740559136192814 
1293 0.02968417026593457 
1294 0.029682691898089343 
1295 0.029626457193325486 
1296 0.029625432882909378 
1297 0.029569352197463296 
1298 0.029568775230534954 
1299 0.0295128483306744 
1300 0.029512712309034305 
1301 0.029456938865502758 
1302 0.029457237710713333 
1303 0.029401617291307285 
1304 0.029402345247282493 
1305 0.029346877309953272 
1306 0.029348028944205077 
1307 0.029292712830657326 
1308 0.029294283034294797 
1309 0.029239117964047445 
1310 0.029241101950630916 
1311 0.029186087015501544 
1312 0.02918848031885966 
1313 0.02913361447782844 
1314 0.02913641294894942 
1315 0.029081695023355728 
1316 0.029084894826466416 
1317 0.02903032349548847 
1318 0.02903392110343525 
1319 0.028979494899801932 
1320 0.028983487088847005 
1321 0.02892920439473015 
1322 0.02893358823887441 
1323 0.028879447281910445 
1324 0.028884220146851505 
1325 0.02883021899624183 
1326 0.02883537853307115 
1327 0.028781515095712917 
1328 0.02878705923445109 
1329 0.028733331251052128 
1330 0.028739258194114957 
1331 0.028685663235250222 
1332 0.028691971450930942 
1333 0.028638506913002248 
1334 0.028645195129046466 
1335 0.028591858230112656 
1336 0.028598925427452907 
1337 0.028545713202904246 
1338 0.02855315860960977 
1339 0.028500067907668302 
1340 0.028507890993153127 
1341 0.028454918470189956 
1342 0.028463118939708248 
1343 0.02841026105537948 
1344 0.02841883884482133 
1345 0.028366091857037323 
1346 0.028375047128020105 
1347 0.028322407087777317 
1348 0.028331740223007728 
1349 0.028279202969130158 
1350 0.028288914567988627 
1351 0.02823647572184593 
1352 0.028246566596119193 
1353 0.028194221556412737 
1354 0.028204692726069902 
1355 0.02815243666380576 
1356 0.02816328935267889 
1357 0.028111117206479116 
1358 0.02812235283767011 
1359 0.028070259309611243 
1360 0.028081879500401998 
1361 0.028029859052612436 
1362 0.028041865608605013 
1363 0.027989912460901906 
1364 0.028002307369058947 
1365 0.027950415497959825 
1366 0.027963200918153474 
1367 0.027911364057658598 
1368 0.027924542312268954 
1369 0.027872753956875704 
1370 0.027886327517909325 
1371 0.027834580928388836 
1372 0.027848552401516406 
1373 0.027796840614052347 
1374 0.027811212718896864 
1375 0.02775952855825183 
1376 0.027774304104200478 
1377 0.027722640201632044 
1378 0.02773782205840562 
1379 0.027686170875091353 
1380 0.02770176193729593 
1381 0.027650115794034945 
1382 0.02766611893895722 
1383 0.027614470052879102 
1384 0.027630888090887436 
1385 0.027579228619800902 
1386 0.027596064236900652 
1387 0.027544386331733096 
1388 0.027561642024119766 
1389 0.02750993788961449 
1390 0.027527615890493934 
1391 0.02747587785392331 
1392 0.027493980053440396 
1393 0.027442200640548288 
1394 0.02746072850038902 
1395 0.0274089005170908 
1396 0.027427854982182216 
1397 0.027375971599744715 
1398 0.027395353010427902 
1399 0.02734340785096925 
1400 0.027363215859980774 
1401 0.02731120307825352 
1402 0.02733143657769599 
1403 0.02727935093436477 
1404 0.027300007998414106 
1405 0.027247844919567388 
1406 0.02726892276876373 
1407 0.027216678386380103 
1408 0.027238173378800367 
1409 0.027185844547484374 
1410 0.027207752200765413 
1411 0.027155336487380454 
1412 0.02717765153342967 
1413 0.027125147178284067 
1414 0.027147863649709454 
1415 0.02709526950054451 
1416 0.02711838084467041 
1417 0.027065696267541434 
1418 0.027089195480819443 
1419 0.027036420254600665 
1420 0.027060300027829817 
1421 0.02700743423100846 
1422 0.027031687094551716 
1423 0.026978730993773285 
1424 0.027003349452218082 
1425 0.02695030340147197 
1426 0.02697528004894346 
1427 0.026922144406403867 
1428 0.02694747201667366 
1429 0.026894247083406885 
1430 0.026919918672445222 
1431 0.026866604654056624 
1432 0.026892613516038177 
1433 0.026839210505507402 
1434 0.026865550225875598 
1435 0.026812058203830553 
1436 0.026838722654491415 
1437 0.026785141502239252 
1438 0.026812124824268244 
1439 0.02675845434495967 
1440 0.026785750923637153 
1441 0.026731990867672438 
1442 0.026759595303641737 
1443 0.026705745395422423 
1444 0.0267336524747029 
1445 0.02667971243874623 
1446 0.026707917103494846 
1447 0.026653886688579143 
1448 0.02668238400994462 
1449 0.02662826301034537 
1450 0.026657048164411775 
1451 0.026602836437539697 
1452 0.02663190468506707 
1453 0.026577602165066418 
1454 0.02660694883540256 
1455 0.026552555542582644 
1456 0.026582176021730613 
1457 0.026527692068062568 
1458 0.02655758179051417 
1459 0.026503007381741328 
1460 0.02653316182542685 
1461 0.026478497260518326 
1462 0.026508911944138368 
1463 0.02645415761282111 
1464 0.026484828094911983 
1465 0.026429984473877927 
1466 0.026460906353143868 
1467 0.026405974001329827 
1468 0.026437142917957932 
1469 0.026382122471128498 
1470 0.026413534108911892 
1471 0.026358426273694918 
1472 0.026390076362806394 
1473 0.02633488191033715 
1474 0.026366766230551026 
1475 0.026311485989930578 
1476 0.02634360037404307 
1477 0.02628823522585059 
1478 0.026320575563046105 
1479 0.02626512643312651 
1480 0.026297688672093675 
1481 0.026242156525769212 
1482 0.026274936677464666 
1483 0.02621932251422261 
1484 0.026252316654272 
1485 0.026196621502900787 
1486 0.02622982577367986 
1487 0.026174050687791033 
1488 0.026207461300234148 
1489 0.0261516073541192 
1490 0.026185220589271217 
1491 0.02612928887408059 
1492 0.026163101084370748 
1493 0.026107092704636712 
1494 0.02614110031483483 
1495 0.026085016385369177 
1496 0.026119215893196133 
1497 0.026063057536375406 
1498 0.026097445512772172 
1499 0.026041213856188607 
1500 0.02607578694528304 
1501 0.02601948311971006 
1502 0.02605423803853963 
1503 0.02599786317615024 
1504 0.026032796714195762 
1505 0.02597635194698311 
1506 0.02601146096554852 
1507 0.025954947423921248 
1508 0.025990228855371687 
1509 0.025933647666917803 
1510 0.02596909851377476 
1511 0.025912450802197076 
1512 0.025948068136090786 
1513 0.025891355020311237 
1514 0.02592713598080255 
1515 0.02587035857421952 
1516 0.025906300367517395 
1517 0.025849459777387916 
1518 0.025885559674995784 
1519 0.025828657001911125 
1520 0.025864912339231806 
1521 0.02580794867666126 
1522 0.025844356851579688 
1523 0.025787333285469304 
1524 0.025823891756920136 
1525 0.02576680936534374 
1526 0.025803515651864076 
1527 0.025746375504728438 
1528 0.02578322718299579 
1529 0.025726030341799606 
1530 0.025763025045160464 
1531 0.025705772562800554 
1532 0.02574290797980089 
1533 0.02568560090041393 
1534 0.025722874773345405 
1535 0.02566551413217211 
1536 0.02570292425564571 
1537 0.025645511078907827 
1538 0.02568305529846133 
