1 5.059798348203038 
2 4.708143717717398 
3 4.385833611747807 
4 4.090365248442102 
5 3.8194494761178706 
6 3.5709925586459996 
7 3.3430795125358777 
8 3.133958863601755 
9 2.942028702335775 
10 2.7658239274021748 
11 2.6040045760804293 
12 2.455345149097296 
13 2.31872484516694 
14 2.1931186277669386 
15 2.077589053273108 
16 1.9712787956098778 
17 1.8734038080932187 
18 1.7832470681935446 
19 1.7001528555666017 
20 1.6235215179276168 
21 1.5528046832114888 
22 1.4875008800001017 
23 1.4271515314349534 
24 1.3713372907948873 
25 1.3196746896282074 
26 1.2718130718073088 
27 1.2274317891418005 
28 1.1862376362608982 
29 1.1479625043740354 
30 1.112361235255227 
31 1.0792096583854704 
32 1.0483027956409656 
33 1.0194532192446923 
34 0.9924895499154214 
35 0.9672550832612132 
36 0.9436065334826659 
37 0.9214128843826935 
38 0.9005543385318244 
39 0.8809213562176444 
40 0.8624137765202766 
41 0.8449400135082956 
42 0.8284163211464475 
43 0.8127661210526516 
44 0.7979193877413787 
45 0.7838120864475701 
46 0.7703856590433841 
47 0.7575865539425971 
48 0.745365796237419 
49 0.7336785946326229 
50 0.722483982034756 
51 0.7117444869221197 
52 0.7014258328662974 
53 0.6914966638002296 
54 0.6819282928329475 
55 0.6726944725987108 
56 0.6637711852999496 
57 0.655136450760428 
58 0.6467701509486957 
59 0.6386538695632892 
60 0.6307707453913496 
61 0.6231053382622819 
62 0.6156435065186631 
63 0.6083722950186193 
64 0.6012798327680566 
65 0.594355239358124 
66 0.5875885394537123 
67 0.5809705846432127 
68 0.5744929820186884 
69 0.5681480289095141 
70 0.5619286532418427 
71 0.5558283590413554 
72 0.549841176638008 
73 0.5439616171692117 
74 0.5381846310124035 
75 0.5325055698095297 
76 0.526920151774829 
77 0.5214244300037298 
78 0.5160147635248065 
79 0.51068779085885 
80 0.505440405869306 
81 0.5002697357068117 
82 0.49517312066746816 
83 0.490148095799941 
84 0.4851923741106162 
85 0.48030383122897174 
86 0.4754804914071442 
87 0.47072051473848625 
88 0.4660221854897962 
89 0.4613839014509468 
90 0.45680416421390563 
91 0.4522815703007067 
92 0.4478148030668406 
93 0.44340262531286007 
94 0.4390438725427761 
95 0.4347374468131051 
96 0.4304823111212646 
97 0.4262774842864317 
98 0.4221220362800207 
99 0.41801508396663084 
100 0.41395578721968995 
101 0.4099433453791149 
102 0.4059769940211205 
103 0.40205600201290337 
104 0.39817966882727535 
105 0.3943473220944821 
106 0.3905583153704143 
107 0.38681202610221777 
108 0.3831078537739587 
109 0.3794452182165027 
110 0.37582355806714335 
111 0.37224232936577334 
112 0.3687010042755387 
113 0.36519906991696827 
114 0.36173602730552773 
115 0.35831139038342635 
116 0.3549246851373042 
117 0.3515754487941579 
118 0.34826322908853596 
119 0.34498758359463866 
120 0.34174807911752253 
121 0.3385442911381127 
122 0.3353758033071962 
123 0.33224220698399176 
124 0.32914310081528037 
125 0.32607809035143615 
126 0.3230467876960198 
127 0.32004881118589196 
128 0.3170837850990748 
129 0.3141513393878353 
130 0.3112511094346887 
131 0.30838273582922665 
132 0.3055458641638592 
133 0.3027401448467338 
134 0.29996523293024885 
135 0.29722078795371965 
136 0.29450647379888817 
137 0.29182195855708265 
138 0.28916691440694386 
139 0.28654101750173006 
140 0.2839439478653056 
141 0.2813753892959978 
142 0.27883502927758147 
143 0.27632255889671853 
144 0.27383767276624305 
145 0.27138006895373623 
146 0.268949448914889 
147 0.2665455174311955 
148 0.26416798255156443 
149 0.2618165555374728 
150 0.25949095081132134 
151 0.2571908859076867 
152 0.25491608142718797 
153 0.25266626099271905 
154 0.25044115120781635 
155 0.24824048161695755 
156 0.24606398466760407 
157 0.24391139567381975 
158 0.24178245278131438 
159 0.2396768969337746 
160 0.23759447184035956 
161 0.2355349239442502 
162 0.23349800239215251 
163 0.2314834590046643 
164 0.22949104824742614 
165 0.22752052720298288 
166 0.22557165554329148 
167 0.22364419550281728 
168 0.2217379118521658 
169 0.2198525718722045 
170 0.21798794532863303 
171 0.21614380444696427 
172 0.2143199238878834 
173 0.21251608072295686 
174 0.2107320544106637 
175 0.20896762677272718 
176 0.20722258197072596 
177 0.2054967064829675 
178 0.20378978908160686 
179 0.20210162080999788 
180 0.20043199496026434 
181 0.19878070705108 
182 0.1971475548056491 
183 0.1955323381298784 
184 0.19393485909073455 
185 0.19235492189477987 
186 0.19079233286688282 
187 0.1892469004290969 
188 0.18771843507970604 
189 0.18620674937243203 
190 0.1847116578958021 
191 0.18323297725267434 
192 0.18177052603991845 
193 0.18032412482825172 
194 0.17889359614222777 
195 0.17747876444037788 
196 0.17607945609550393 
197 0.17469549937512246 
198 0.17332672442205949 
199 0.1719729632351958 
200 0.17063404965036266 
201 0.16930981932138772 
202 0.16800010970129117 
203 0.16670476002363216 
204 0.16542361128400562 
205 0.16415650622168954 
206 0.16290328930144254 
207 0.16166380669545247 
208 0.16043790626543517 
209 0.15922543754488452 
210 0.15802625172147305 
211 0.1568402016196034 
212 0.15566714168311072 
213 0.15450692795811577 
214 0.15335941807602904 
215 0.15222447123670507 
216 0.1511019481917479 
217 0.14999171122796626 
218 0.14889362415097904 
219 0.14780755226897105 
220 0.14673336237659765 
221 0.14567092273903914 
222 0.14462010307620363 
223 0.1435807745470786 
224 0.14255280973423026 
225 0.14153608262845038 
226 0.1405304686135502 
227 0.13953584445130063 
228 0.1385520882665181 
229 0.13757907953229584 
230 0.13661669905537932 
231 0.13566482896168594 
232 0.13472335268196725 
233 0.1337921549376137 
234 0.13287112172660123 
235 0.13196014030957803 
236 0.1310590991960918 
237 0.13016788813095564 
238 0.1292863980807523 
239 0.1284145212204758 
240 0.1275521509203093 
241 0.12669918173253863 
242 0.12585550937860032 
243 0.12502103073626286 
244 0.12419564382694127 
245 0.1233792478031426 
246 0.12257174293604257 
247 0.1217730306031916 
248 0.12098301327634936 
249 0.12020159450944738 
250 0.11942867892667769 
251 0.11866417221070735 
252 0.11790798109101729 
253 0.11716001333236473 
254 0.11642017772336792 
255 0.11568838406521217 
256 0.11496454316047632 
257 0.11424856680207826 
258 0.11354036776233865 
259 0.11283985978216188 
260 0.1121469575603328 
261 0.11146157674292867 
262 0.11078363391284479 
263 0.11011304657943326 
264 0.10944973316825314 
265 0.1087936130109318 
266 0.10814460633513535 
267 0.10750263425464832 
268 0.10686761875956047 
269 0.10623948270656028 
270 0.10561814980933404 
271 0.10500354462906894 
272 0.10439559256506023 
273 0.10379421984542019 
274 0.10319935351788886 
275 0.10261092144074475 
276 0.10202885227381535 
277 0.10145307546958547 
278 0.10088352126440325 
279 0.10032012066978241 
280 0.09976280546379986 
281 0.09921150818258763 
282 0.09866616211191824 
283 0.09812670127888255 
284 0.09759306044365897 
285 0.09706517509137322 
286 0.09654298142404784 
287 0.09602641635264009 
288 0.09551541748916757 
289 0.0950099231389209 
290 0.09450987229276192 
291 0.09401520461950706 
292 0.09352586045839473 
293 0.09304178081163578 
294 0.09256290733704638 
295 0.0920891823407622 
296 0.09162054877003317 
297 0.09115695020609786 
298 0.09069833085713672 
299 0.09024463555130324 
300 0.0897958097298324 
301 0.08935179944022505 
302 0.0889125513295082 
303 0.08847801263756976 
304 0.08804813119056697 
305 0.08762285539440819 
306 0.08720213422830678 
307 0.08678591723840641 
308 0.08637415453147722 
309 0.0859667967686817 
310 0.08556379515940997 
311 0.0851651014551832 
312 0.08477066794362499 
313 0.08438044744249935 
314 0.08399439329381515 
315 0.08361245935799587 
316 0.08323460000811411 
317 0.0828607701241903 
318 0.08249092508755441 
319 0.08212502077527072 
320 0.08176301355462416 
321 0.08140486027766813 
322 0.08105051827583293 
323 0.08069994535459396 
324 0.08035309978819936 
325 0.08000994031445612 
326 0.0796704261295743 
327 0.07933451688306838 
328 0.0790021726727156 
329 0.07867335403957004 
330 0.07834802196303242 
331 0.07802613785597454 
332 0.07770766355991807 
333 0.077392561340267 
334 0.07708079388159292 
335 0.076772324282973 
336 0.07646711605337969 
337 0.07616513310712182 
338 0.07586633975933628 
339 0.07557070072152995 
340 0.07527818109717131 
341 0.074988746377331 
342 0.07470236243637084 
343 0.07441899552768104 
344 0.07413861227946465 
345 0.07386117969056907 
346 0.07358666512636378 
347 0.07331503631466411 
348 0.07304626134170036 
349 0.07278030864813172 
350 0.07251714702510462 
351 0.07225674561035482 
352 0.07199907388435316 
353 0.07174410166649392 
354 0.0714917991113258 
355 0.07124213670482477 
356 0.07099508526070845 
357 0.07075061591679149 
358 0.07050870013138151 
359 0.07026930967971519 
360 0.07003241665043412 
361 0.06979799344209967 
362 0.06956601275974676 
363 0.06933644761147621 
364 0.06910927130508453 
365 0.06888445744473182 
366 0.06866197992764624 
367 0.06844181294086552 
368 0.06822393095801459 
369 0.06800830873611909 
370 0.06779492131245443 
371 0.06758374400142979 
372 0.06737475239150696 
373 0.06716792234215342 
374 0.06696322998082922 
375 0.06676065170000765 
376 0.06656016415422883 
377 0.0663617442571863 
378 0.06616536917884583 
379 0.06597101634259651 
380 0.06577866342243345 
381 0.06558828834017183 
382 0.06539986926269198 
383 0.06521338459921516 
384 0.0650288129986096 
385 0.06484613334672656 
386 0.06466532476376613 
387 0.06448636660167213 
388 0.0643092384415562 
389 0.06413392009115053 
390 0.06396039158228889 
391 0.0637886331684157 
392 0.06361862532212288 
393 0.06345034873271405 
394 0.06328378430379586 
395 0.06311891315089622 
396 0.06295571659910884 
397 0.06279417618076417 
398 0.06263427363312621 
399 0.06247599089611481 
400 0.06231931011005365 
401 0.06216421361344287 
402 0.06201068394075682 
403 0.0618587038202661 
404 0.061708256171884045 
405 0.06155932410503694 
406 0.06141189091655808 
407 0.061265940088605315 
408 0.06112145528660154 
409 0.0609784203571984 
410 0.06083681932626242 
411 0.06069663639688365 
412 0.06055785594740644 
413 0.060420462529482105 
414 0.06028444086614338 
415 0.06014977584990006 
416 0.06001645254085612 
417 0.059884456164847485 
418 0.05975377211160079 
419 0.05962438593291248 
420 0.059496283340848104 
421 0.05936945020596188 
422 0.059243872555535766 
423 0.059119536571838424 
424 0.05899642859040323 
425 0.058874535098325805 
426 0.05875384273258014 
427 0.058634338278353675 
428 0.058516008667400796 
429 0.05839884097641475 
430 0.05828282242541753 
431 0.05816794037616776 
432 0.058054182330586276 
433 0.05794153592919925 
434 0.05782998894959849 
435 0.057719529304919116 
436 0.057610145042333895 
437 0.05750182434156459 
438 0.057394555513409544 
439 0.057288326998287974 
440 0.057183127364800246 
441 0.05707894530830426 
442 0.05697576964950755 
443 0.05687358933307521 
444 0.05677239342625314 
445 0.05667217111750672 
446 0.056572911715174555 
447 0.056474604646137246 
448 0.05637723945450086 
449 0.05628080580029523 
450 0.05618529345818647 
451 0.05609069231620406 
452 0.05599699237448192 
453 0.05590418374401356 
454 0.05581225664542106 
455 0.05572120140773766 
456 0.055631008467204035 
457 0.05554166836607785 
458 0.05545317175145649 
459 0.055365509374113116 
460 0.055278672087345375 
461 0.05519265084583708 
462 0.05510743670453255 
463 0.05502302081752339 
464 0.05493939443694765 
465 0.05485654891190128 
466 0.05477447568736175 
467 0.05469316630312334 
468 0.05461261239274467 
469 0.05453280568250759 
470 0.054453737990387927 
471 0.054375401225037354 
472 0.054297787384776926 
473 0.0542208885566015 
474 0.05414469691519541 
475 0.054069204721959044 
476 0.05399440432404618 
477 0.05392028815341207 
478 0.05384684872587216 
479 0.05377407864017106 
480 0.053701970577062226 
481 0.05363051729839751 
482 0.05355971164622697 
483 0.053489546541908795 
484 0.0534200149852289 
485 0.053351110053530555 
486 0.05328282490085339 
487 0.05321515275708231 
488 0.053148086927105556 
489 0.053081620789982346 
490 0.05301574779811963 
491 0.05295046147645803 
492 0.05288575542166693 
493 0.05282162330134831 
494 0.052758058853249586 
495 0.05269505588448517 
496 0.05263260827076657 
497 0.05257070995564125 
498 0.05250935494973974 
499 0.05244853733003122 
500 0.05238825123908739 
501 0.05232849088435446 
502 0.05226925053743323 
503 0.052210524533367206 
504 0.052152307269938664 
505 0.0520945932069724 
506 0.052037376865647335 
507 0.05198065282781574 
508 0.05192441573533005 
509 0.05186866028937698 
510 0.05181338124981937 
511 0.051758573434545 
512 0.05170423171882286 
513 0.0516503510346665 
514 0.05159692637020448 
515 0.05154395276905767 
516 0.051491425329723714 
517 0.05143933920496817 
518 0.05138768960122239 
519 0.05133647177798822 
520 0.051285681047249156 
521 0.05123531277288821 
522 0.05118536237011204 
523 0.05113582530488175 
