1 5.059798348203038 
2 5.023937163685221 
3 4.988381370758001 
4 4.953128312465646 
5 4.918175354983618 
6 4.8835198874174255 
7 4.8491593216032145 
8 4.815091091910099 
9 4.781312655044214 
10 4.747821489854453 
11 4.714615097139915 
12 4.681690999459009 
13 4.649046740940222 
14 4.6166798870945405 
15 4.584588024629483 
16 4.552768761264761 
17 4.52121972554955 
18 4.489938566681319 
19 4.4589229543262725 
20 4.4281705784413194 
21 4.397679149097609 
22 4.367446396305596 
23 4.337470069841617 
24 4.307747939075985 
25 4.2782777928025775 
26 4.249057439069893 
27 4.22008470501359 
28 4.1913574366904705 
29 4.162873498913918 
30 4.134630775090747 
31 4.106627167059494 
32 4.078860594930092 
33 4.051328996924951 
34 4.024030329221417 
35 3.9969625657955965 
36 3.9701236982675385 
37 3.943511735747775 
38 3.917124704685167 
39 3.890960648716104 
40 3.865017628514995 
41 3.839293721646061 
42 3.8137870224164203 
43 3.7884956417304507 
44 3.76341770694541 
45 3.7385513617283186 
46 3.713894765914084 
47 3.6894460953648567 
48 3.6652035418306093 
49 3.6411653128109283 
50 3.617329631418003 
51 3.593694736240813 
52 3.5702588812104854 
53 3.5470203354668324 
54 3.5239773832260415 
55 3.501128323649519 
56 3.4784714707138757 
57 3.456005153082033 
58 3.4337277139754616 
59 3.411637511047523 
60 3.3897329162579126 
61 3.3680123157481963 
62 3.3464741097184234 
63 3.325116712304823 
64 3.3039385514585518 
65 3.2829380688255005 
66 3.262113719627145 
67 3.2414639725424337 
68 3.2209873095906993 
69 3.2006822260155903 
70 3.1805472301700095 
71 3.160580843402055 
72 3.140781599941948 
73 3.1211480467899526 
74 3.101678743605256 
75 3.082372262595828 
76 3.0632271884092286 
77 3.0442421180243704 
78 3.0254156606442177 
79 3.0067464375894217 
80 2.988233082192877 
81 2.969874239695197 
82 2.951668567141097 
83 2.9336147332766775 
84 2.9157114184476027 
85 2.8979573144981594 
86 2.8803511246711975 
87 2.8628915635089403 
88 2.845577356754652 
89 2.8284072412551677 
90 2.811379964864264 
91 2.7944942863468714 
92 2.777748975284122 
93 2.7611428119792194 
94 2.74467458736413 
95 2.7283431029070795 
96 2.7121471705208613 
97 2.696085612471936 
98 2.680157261290324 
99 2.664360959680282 
100 2.6486955604317526 
101 2.6331599263325844 
102 2.617752930081521 
103 2.6024734542019394 
104 2.587320390956339 
105 2.572292642261579 
106 2.5573891196048493 
107 2.542608743960369 
108 2.527950445706815 
109 2.5134131645454647 
110 2.4989958494190514 
111 2.4846974584313255 
112 2.470516958767313 
113 2.4564533266142696 
114 2.442505547083323 
115 2.428672614131791 
116 2.4149535304861813 
117 2.401347307565857 
118 2.3878529654073684 
119 2.3744695325894365 
120 2.3611960461586 
121 2.348031551555496 
122 2.334975102541792 
123 2.3220257611277453 
124 2.309182597500398 
125 2.296444689952393 
126 2.2838111248114124 
127 2.2712809963702223 
128 2.258853406817335 
129 2.2465274661682675 
130 2.234302292197399 
131 2.2221770103704257 
132 2.2101507537773935 
133 2.1982226630663213 
134 2.1863918863773986 
135 2.1746575792777545 
136 2.163018904696795 
137 2.1514750328621015 
138 2.1400251412358875 
139 2.128668414452009 
140 2.1174040442535182 
141 2.106231229430766 
142 2.09514917576004 
143 2.0841570959427336 
144 2.0732542095450497 
145 2.062439742938222 
146 2.0517129292392626 
147 2.0410730082522224 
148 2.0305192264099574 
149 2.0200508367164116 
150 2.0096670986893908 
151 1.999367278303844 
152 1.989150647935629 
153 1.979016486305774 
154 1.9689640784252214 
155 1.9589927155400506 
156 1.9491016950771787 
157 1.9392903205905343 
158 1.9295579017076971 
159 1.9199037540770048 
160 1.9103271993151152 
161 1.9008275649550295 
162 1.8914041843945641 
163 1.8820563968452726 
164 1.87278354728181 
165 1.86358498639174 
166 1.8544600705257754 
167 1.8454081616484546 
168 1.8364286272892452 
169 1.827520840494074 
170 1.8186841797772744 
171 1.8099180290739616 
172 1.8012217776928086 
173 1.792594820269245 
174 1.784036556719055 
175 1.7755463921923844 
176 1.7671237370281414 
177 1.7587680067088012 
178 1.7504786218155977 
179 1.7422550079841086 
180 1.7340965958602261 
181 1.726002821056508 
182 1.7179731241089131 
183 1.7100069504339082 
184 1.702103750285953 
185 1.6942629787153485 
186 1.6864840955264602 
187 1.6787665652362962 
188 1.6711098570334522 
189 1.6635134447374105 
190 1.6559768067581935 
191 1.648499426056369 
192 1.6410807901034008 
193 1.6337203908423488 
194 1.6264177246489064 
195 1.6191722922927796 
196 1.6119835988994018 
197 1.6048511539119794 
198 1.5977744710538708 
199 1.5907530682912916 
200 1.5837864677963411 
201 1.5768741959103572 
202 1.5700157831075827 
203 1.5632107639591526 
204 1.556458677097393 
205 1.5497590651804312 
206 1.5431114748571122 
207 1.5365154567322228 
208 1.5299705653320166 
209 1.523476359070038 
210 1.5170324002132467 
211 1.5106382548484354 
212 1.5042934928489364 
213 1.4979976878416255 
214 1.491750417174203 
215 1.485551261882769 
216 1.4793998066596759 
217 1.4732956398216581 
218 1.4672383532782467 
219 1.4612275425004515 
220 1.455262806489719 
221 1.449343747747161 
222 1.4434699722430486 
223 1.4376410893865756 
224 1.431856711995878 
225 1.426116456268324 
226 1.4204199417510532 
227 1.4147667913117776 
228 1.4091566311098376 
229 1.4035890905675035 
230 1.3980638023415346 
231 1.3925804022949797 
232 1.3871385294692273 
233 1.3817378260562954 
234 1.376377937371365 
235 1.371058511825552 
236 1.365779200898915 
237 1.3605396591137 
238 1.3553395440078158 
239 1.350178516108542 
240 1.3450562389064642 
241 1.3399723788296378 
242 1.3349266052179756 
243 1.3299185902978574 
244 1.324948009156963 
245 1.3200145397193224 
246 1.3151178627205837 
247 1.310257661683496 
248 1.3054336228936054 
249 1.3006454353751646 
250 1.295892790867249 
251 1.2911753838000835 
252 1.286492911271572 
253 1.2818450730240372 
254 1.2772315714211546 
255 1.2726521114250955 
256 1.2681064005738614 
257 1.2635941489588234 
258 1.25911506920245 
259 1.2546688764362328 
260 1.250255288278805 
261 1.2458740248142457 
262 1.2415248085705797 
263 1.2372073644984583 
264 1.2329214199500296 
265 1.228666704657991 
266 1.2244429507148251 
267 1.2202498925522158 
268 1.2160872669206424 
269 1.2119548128691537 
270 1.2078522717253175 
271 1.203779387075342 
272 1.1997359047443752 
273 1.1957215727769714 
274 1.1917361414177297 
275 1.187779363092101 
276 1.1838509923873615 
277 1.179950786033753 
278 1.1760785028857859 
279 1.1722339039037062 
280 1.1684167521351239 
281 1.1646268126967987 
282 1.1608638527565902 
283 1.1571276415155571 
284 1.1534179501902213 
285 1.1497345519949773 
286 1.146077222124663 
287 1.1424457377372768 
288 1.1388398779368467 
289 1.1352594237564497 
290 1.1317041581413785 
291 1.1281738659324525 
292 1.1246683338494787 
293 1.1211873504748522 
294 1.1177307062373023 
295 1.1142981933957783 
296 1.1108896060234776 
297 1.1075047399920115 
298 1.1041433929557083 
299 1.1008053643360554 
300 1.0974904553062745 
301 1.0941984687760327 
302 1.090929209376286 
303 1.0876824834442549 
304 1.0844580990085313 
305 1.0812558657743145 
306 1.0780755951087766 
307 1.0749171000265532 
308 1.0717801951753643 
309 1.0686646968217572 
310 1.065570422836974 
311 1.0624971926829445 
312 1.0594448273983974 
313 1.0564131495850957 
314 1.0534019833941912 
315 1.0504111545126966 
316 1.047440490150077 
317 1.044489819024956 
318 1.0415589713519413 
319 1.0386477788285617 
320 1.0357560746223191 
321 1.0328836933578531 
322 1.0300304711042183 
323 1.027196245362271 
324 1.024380855052167 
325 1.0215841405009674 
326 1.0188059434303531 
327 1.0160461069444466 
328 1.0133044755177378 
329 1.0105808949831179 
330 1.0078752125200157 
331 1.005187276642638 
332 1.0025169371883116 
333 0.9998640453059283 
334 0.9972284534444891 
335 0.9946100153417495 
336 0.9920085860129624 
337 0.9894240217397205 
338 0.9868561800588952 
339 0.9843049197516704 
340 0.9817701008326761 
341 0.9792515845392118 
342 0.9767492333205666 
343 0.9742629108274319 
344 0.9717924819014062 
345 0.9693378125645913 
346 0.9668987700092785 
347 0.9644752225877271 
348 0.9620670398020286 
349 0.9596740922940616 
350 0.9572962518355338 
351 0.9549333913181103 
352 0.9525853847436275 
353 0.9502521072143947 
354 0.9479334349235768 
355 0.9456292451456633 
356 0.9433394162270193 
357 0.9410638275765201 
358 0.9388023596562641 
359 0.9365548939723729 
360 0.9343213130658633 
361 0.9321015005036069 
362 0.9298953408693629 
363 0.9277027197548919 
364 0.9255235237511457 
365 0.9233576404395349 
366 0.921204958383273 
367 0.9190653671187934 
368 0.9169387571472445 
369 0.9148250199260576 
370 0.9127240478605864 
371 0.910635734295823 
372 0.908559973508184 
373 0.9064966606973681 
374 0.9044456919782846 
375 0.9024069643730535 
376 0.900380375803075 
377 0.8983658250811666 
378 0.8963632119037709 
379 0.8943724368432299 
380 0.8923934013401267 
381 0.8904260076956958 
382 0.8884701590642966 
383 0.8865257594459547 
384 0.8845927136789684 
385 0.8826709274325775 
386 0.880760307199699 
387 0.8788607602897227 
388 0.8769721948213737 
389 0.8750945197156336 
390 0.8732276446887242 
391 0.8713714802451553 
392 0.8695259376708283 
393 0.8676909290262044 
394 0.8658663671395285 
395 0.8640521656001166 
396 0.8622482387516965 
397 0.8604545016858126 
398 0.8586708702352817 
399 0.8568972609677116 
400 0.8551335911790724 
401 0.8533797788873262 
402 0.8516357428261112 
403 0.8499014024384808 
404 0.8481766778706977 
405 0.846461489966083 
406 0.8447557602589167 
407 0.8430594109683941 
408 0.8413723649926323 
409 0.8396945459027313 
410 0.8380258779368851 
411 0.836366285994546 
412 0.8347156956306379 
413 0.8330740330498209 
414 0.8314412251008069 
415 0.8298171992707228 
416 0.8282018836795251 
417 0.8265952070744607 
418 0.8249970988245786 
419 0.8234074889152891 
420 0.821826307942967 
421 0.8202534871096071 
422 0.8186889582175229 
423 0.8171326536640925 
424 0.8155845064365507 
425 0.8140444501068252 
426 0.8125124188264207 
427 0.8109883473213436 
428 0.8094721708870751 
429 0.8079638253835854 
430 0.8064632472303921 
431 0.8049703734016621 
432 0.8034851414213566 
433 0.8020074893584173 
434 0.8005373558219955 
435 0.7990746799567221 
436 0.7976194014380211 
437 0.7961714604674595 
438 0.7947307977681433 
439 0.793297354580149 
440 0.7918710726559985 
441 0.7904518942561707 
442 0.789039762144654 
443 0.7876346195845376 
444 0.7862364103336406 
445 0.7848450786401783 
446 0.7834605692384701 
447 0.7820828273446797 
448 0.7807117986525969 
449 0.7793474293294538 
450 0.7779896660117778 
451 0.7766384558012814 
452 0.7752937462607886 
453 0.7739554854101945 
454 0.7726236217224625 
455 0.7712981041196552 
456 0.7699788819690008 
457 0.7686659050789926 
458 0.7673591236955241 
459 0.7660584884980566 
460 0.7647639505958214 
461 0.7634754615240534 
462 0.7621929732402601 
463 0.7609164381205205 
464 0.7596458089558188 
465 0.7583810389484079 
466 0.7571220817082069 
467 0.7558688912492276 
468 0.7546214219860343 
469 0.7533796287302339 
470 0.7521434666869956 
471 0.7509128914516028 
472 0.7496878590060337 
473 0.7484683257155724 
474 0.7472542483254496 
475 0.7460455839575122 
476 0.7448422901069226 
477 0.7436443246388866 
478 0.7424516457854099 
479 0.7412642121420824 
480 0.7400819826648917 
481 0.7389049166670635 
482 0.7377329738159296 
483 0.7365661141298248 
484 0.7354042979750083 
485 0.7342474860626141 
486 0.7330956394456276 
487 0.7319487195158878 
488 0.7308066880011166 
489 0.7296695069619739 
490 0.7285371387891378 
491 0.7274095462004115 
492 0.7262866922378544 
493 0.7251685402649378 
494 0.7240550539637285 
495 0.7229461973320924 
496 0.7218419346809269 
497 0.7207422306314142 
498 0.7196470501123007 
499 0.7185563583571998 
500 0.7174701209019166 
501 0.7163883035817991 
502 0.7153108725291089 
503 0.7142377941704185 
504 0.7131690352240287 
505 0.7121045626974096 
506 0.7110443438846638 
507 0.7099883463640122 
508 0.7089365379953013 
509 0.7078888869175322 
510 0.7068453615464118 
511 0.7058059305719243 
512 0.7047705629559263 
513 0.7037392279297595 
514 0.7027118949918871 
515 0.7016885339055499 
516 0.7006691146964419 
517 0.6996536076504087 
518 0.6986419833111633 
519 0.6976342124780238 
520 0.6966302662036694 
521 0.695630115791918 
522 0.6946337327955211 
523 0.6936410890139788 
524 0.6926521564913755 
525 0.6916669075142309 
526 0.6906853146093739 
527 0.6897073505418321 
528 0.6887329883127413 
529 0.687762201157273 
530 0.686794962542579 
531 0.685831246165756 
532 0.6848710259518259 
533 0.6839142760517353 
534 0.6829609708403718 
535 0.6820110849145976 
536 0.6810645930913009 
537 0.6801214704054633 
538 0.6791816921082459 
539 0.6782452336650895 
540 0.6773120707538339 
541 0.6763821792628528 
542 0.6754555352892048 
543 0.6745321151367997 
544 0.6736118953145833 
545 0.6726948525347363 
546 0.671780963710888 
547 0.6708702059563492 
548 0.6699625565823562 
549 0.6690579930963332 
550 0.6681564932001697 
551 0.6672580347885105 
552 0.666362595947064 
553 0.6654701549509234 
554 0.6645806902629023 
555 0.6636941805318862 
556 0.6628106045911972 
557 0.6619299414569747 
558 0.6610521703265675 
559 0.6601772705769429 
560 0.6593052217631077 
561 0.6584360036165446 
562 0.657569596043661 
563 0.6567059791242514 
564 0.6558451331099748 
565 0.6549870384228432 
566 0.6541316756537255 
567 0.6532790255608631 
568 0.6524290690683988 
569 0.6515817872649188 
570 0.6507371614020072 
571 0.6498951728928141 
572 0.6490558033106345 
573 0.6482190343875007 
574 0.6473848480127882 
575 0.6465532262318304 
576 0.6457241512445502 
577 0.6448976054040985 
578 0.6440735712155089 
579 0.6432520313343615 
580 0.6424329685654602 
581 0.6416163658615193 
582 0.6408022063218642 
583 0.6399904731911421 
584 0.639181149858044 
585 0.6383742198540379 
586 0.637569666852114 
587 0.6367674746655393 
588 0.6359676272466251 
589 0.6351701086855033 
590 0.6343749032089144 
591 0.6335819951790068 
592 0.6327913690921456 
593 0.6320030095777315 
594 0.6312169013970315 
595 0.6304330294420186 
596 0.6296513787342228 
597 0.6288719344235902 
598 0.6280946817873548 
599 0.6273196062289182 
600 0.6265466932767391 
601 0.6257759285832343 
602 0.6250072979236873 
603 0.6242407871951681 
604 0.623476382415461 
605 0.6227140697220029 
606 0.6219538353708309 
607 0.6211956657355379 
608 0.6204395473062391 
609 0.6196854666885463 
610 0.6189334106025515 
611 0.61818336588182 
612 0.6174353194723914 
613 0.6166892584317897 
614 0.6159451699280429 
615 0.6152030412387097 
616 0.6144628597499164 
617 0.6137246129554004 
618 0.6129882884555636 
619 0.6122538739565342 
620 0.6115213572692348 
621 0.610790726308461 
622 0.610061969091967 
623 0.6093350737395588 
624 0.6086100284721963 
625 0.6078868216111029 
626 0.6071654415768825 
627 0.6064458768886449 
628 0.6057281161631388 
629 0.6050121481138915 
630 0.6042979615503575 
631 0.6035855453770741 
632 0.602874888592823 
633 0.6021659802898023 
634 0.6014588096528026 
635 0.6007533659583922 
636 0.6000496385741092 
637 0.5993476169576599 
638 0.5986472906561253 
639 0.5979486493051741 
640 0.5972516826282814 
641 0.5965563804359577 
642 0.5958627326249805 
643 0.5951707291776348 
644 0.5944803601609611 
645 0.5937916157260079 
646 0.5931044861070921 
647 0.5924189616210657 
648 0.591735032666589 
649 0.5910526897234096 
650 0.5903719233516487 
651 0.5896927241910924 
652 0.5890150829604907 
653 0.5883389904568616 
654 0.5876644375548014 
655 0.5869914152058018 
656 0.5863199144375721 
657 0.5856499263533683 
658 0.5849814421313265 
659 0.5843144530238046 
660 0.5836489503567267 
661 0.582984925528937 
662 0.5823223700115556 
663 0.5816612753473426 
664 0.5810016331500665 
665 0.5803434351038788 
666 0.5796866729626938 
667 0.5790313385495738 
668 0.57837742375612 
669 0.5777249205418679 
670 0.57707382093369 
671 0.5764241170252006 
672 0.5757758009761696 
673 0.5751288650119384 
674 0.5744833014228415 
675 0.5738391025636355 
676 0.5731962608529296 
677 0.5725547687726242 
678 0.5719146188673522 
679 0.5712758037439262 
680 0.5706383160707914 
681 0.5700021485774814 
682 0.56936729405408 
683 0.5687337453506881 
684 0.5681014953768939 
685 0.5674705371012492 
686 0.5668408635507493 
687 0.5662124678103181 
688 0.5655853430222977 
689 0.5649594823859414 
690 0.5643348791569133 
691 0.56371152664679 
692 0.5630894182225685 
693 0.562468547306177 
694 0.5618489073739914 
695 0.5612304919563544 
696 0.560613294637101 
697 0.5599973090530858 
698 0.5593825288937162 
699 0.5587689479004893 
700 0.558156559866532 
701 0.5575453586361465 
702 0.5569353381043587 
703 0.5563264922164718 
704 0.5557188149676218 
705 0.5551123004023393 
706 0.5545069426141136 
707 0.5539027357449609 
708 0.5532996739849969 
709 0.5526977515720125 
710 0.5520969627910532 
711 0.5514973019740034 
712 0.5508987634991723 
713 0.5503013417908853 
714 0.5497050313190784 
715 0.5491098265988956 
716 0.5485157221902905 
717 0.5479227126976315 
718 0.5473307927693101 
719 0.5467399570973521 
720 0.546150200417034 
721 0.5455615175065012 
722 0.5449739031863897 
723 0.5443873523194518 
724 0.5438018598101849 
725 0.5432174206044634 
726 0.5426340296891734 
727 0.5420516820918521 
728 0.5414703728803281 
729 0.5408900971623672 
730 0.5403108500853205 
731 0.5397326268357742 
732 0.5391554226392044 
733 0.5385792327596344 
734 0.538004052499295 
735 0.5374298771982865 
736 0.5368567022342464 
737 0.5362845230220169 
738 0.5357133350133189 
739 0.5351431336964242 
740 0.534573914595836 
741 0.5340056732719675 
742 0.5334384053208263 
743 0.5328721063737004 
744 0.5323067720968472 
745 0.5317423981911849 
746 0.5311789803919874 
747 0.5306165144685814 
748 0.5300549962240457 
749 0.5294944214949148 
750 0.5289347861508823 
751 0.5283760860945101 
752 0.5278183172609382 
753 0.5272614756175974 
754 0.5267055571639243 
755 0.5261505579310805 
756 0.5255964739816711 
757 0.5250433014094694 
758 0.5244910363391411 
759 0.5239396749259722 
760 0.5233892133555994 
761 0.522839647843742 
762 0.5222909746359378 
763 0.5217431900072794 
764 0.5211962902621543 
765 0.5206502717339863 
766 0.5201051307849799 
767 0.5195608638058665 
768 0.5190174672156538 
769 0.5184749374613752 
770 0.5179332710178444 
771 0.517392464387409 
772 0.5168525140997099 
773 0.5163134167114387 
774 0.5157751688061014 
775 0.5152377669937805 
776 0.5147012079109019 
777 0.5141654882200022 
778 0.5136306046094994 
779 0.5130965537934642 
780 0.5125633325113946 
781 0.5120309375279916 
782 0.5114993656329371 
783 0.5109686136406745 
784 0.5104386783901899 
785 0.5099095567447963 
786 0.5093812455919199 
787 0.5088537418428865 
788 0.5083270424327122 
789 0.5078011443198943 
790 0.5072760444862047 
791 0.5067517399364846 
792 0.5062282276984422 
793 0.5057055048224508 
794 0.5051835683813493 
795 0.5046624154702443 
796 0.5041420432063148 
797 0.5036224487286175 
798 0.5031036291978936 
799 0.5025855817963794 
800 0.5020683037276157 
801 0.5015517922162613 
802 0.5010360445079067 
803 0.50052105786889 
804 0.5000068295861146 
805 0.4994933569668683 
806 0.4989806373386431 
807 0.49846866804895873 
808 0.4979574464651856 
809 0.4974469699743709 
810 0.4969372359830646 
811 0.4964282419171492 
812 0.4959199852216684 
813 0.4954124633606597 
814 0.49490567381698664 
815 0.4943996140921739 
816 0.49389428170624267 
817 0.49338967419754864 
818 0.4928857891226201 
819 0.49238262405599914 
820 0.49188017659008276 
821 0.4913784443349659 
822 0.4908774249182863 
823 0.49037711598507006 
824 0.48987751519757894 
825 0.48937862023515954 
826 0.48888042879409177 
827 0.4883829385874418 
828 0.48788614734491365 
829 0.4873900528127033 
830 0.4868946527533541 
831 0.4863999449456125 
832 0.48590592718428727 
833 0.48541259728010666 
834 0.4849199530595802 
835 0.4844279923648592 
836 0.4839367130536002 
837 0.48344611299882856 
838 0.48295619008880347 
839 0.48246694222688474 
840 0.48197836733139976 
841 0.48149046333551276 
842 0.48100322818709473 
843 0.4805166598485938 
844 0.4800307562969081 
845 0.47954551552325875 
846 0.4790609355330644 
847 0.4785770143458167 
848 0.4780937499949574 
849 0.4776111405277551 
850 0.47712918400518545 
851 0.4766478785018101 
852 0.47616722210565776 
853 0.4756872129181069 
854 0.47520784905376795 
855 0.4747291286403684 
856 0.4742510498186373 
857 0.4737736107421913 
858 0.4732968095774229 
859 0.47282064450338696 
860 0.47234511371169174 
861 0.4718702154063878 
862 0.47139594780385957 
863 0.47092230913271776 
864 0.4704492976336919 
865 0.4699769115595248 
866 0.46950514917486724 
867 0.46903400875617424 
868 0.46856348859160146 
869 0.4680935869809035 
870 0.46762430223533175 
871 0.4671556326775351 
872 0.4666875766414595 
873 0.46622013247224947 
874 0.4657532985261505 
875 0.46528707317041235 
876 0.46482145478319237 
877 0.46435644175346125 
878 0.46389203248090755 
879 0.46342822537584516 
880 0.4629650188591202 
881 0.4625024113620192 
882 0.4620404013261784 
883 0.46157898720349294 
884 0.46111816745602807 
885 0.4606579405559301 
886 0.46019830498533904 
887 0.45973925923630066 
888 0.45928080181068165 
889 0.45882293122008266 
890 0.4583656459857547 
891 0.45790894463851445 
892 0.45745282571866136 
893 0.45699728777589516 
894 0.45654232936923383 
895 0.45608794906693295 
896 0.45563414544640535 
897 0.45518091709414127 
898 0.45472826260562976 
899 0.4542761805852801 
900 0.45382466964634494 
901 0.45337372841084306 
902 0.45292335550948354 
903 0.45247354958159003 
904 0.4520243092750263 
905 0.451575633246122 
906 0.4511275201595995 
907 0.4506799686885006 
908 0.450232977514115 
909 0.44978654532590856 
910 0.4493406708214523 
911 0.4488953527063525 
912 0.44845058969418133 
913 0.4480063805064069 
914 0.4475627238723263 
915 0.4471196185289968 
916 0.4466770632211694 
917 0.4462350567012216 
918 0.4457935977290923 
919 0.4453526850722159 
920 0.44491231750545784 
921 0.4444724938110502 
922 0.4440332127785282 
923 0.44359447320466716 
924 0.44315627389342005 
925 0.44271861365585563 
926 0.44228149131009686 
927 0.44184490568126067 
928 0.4414088556013965 
929 0.44097333990942805 
930 0.44053835745109315 
931 0.44010390707888547 
932 0.4396699876519959 
933 0.43923659803625553 
934 0.4388037371040782 
935 0.43837140373440414 
936 0.4379395968126435 
937 0.43750831523062117 
938 0.4370775578865214 
939 0.43664732368483344 
940 0.43621761153629723 
941 0.4357884203578498 
942 0.4353597490725724 
943 0.43493159660963737 
944 0.43450396190425633 
945 0.43407684389762835 
946 0.4336502415368883 
947 0.43322415377505696 
948 0.43279857957098955 
949 0.43237351788932676 
950 0.4319489677004446 
951 0.43152492798040587 
952 0.43110139771091144 
953 0.4306783758792519 
954 0.43025586147826017 
955 0.42983385350626396 
956 0.4294123509670392 
957 0.42899135286976336 
958 0.42857085822896934 
959 0.4281508660645002 
960 0.427731375401464 
961 0.42731238527018833 
962 0.4268938947061765 
963 0.42647590275006375 
964 0.4260584084475729 
965 0.4256414108494719 
966 0.4252249090115303 
967 0.4248089019944776 
968 0.42439338886396044 
969 0.4239783686905013 
970 0.42356384054945756 
971 0.42314980352097936 
972 0.42273625668997045 
973 0.42232319914604716 
974 0.4219106299834986 
975 0.4214985483012475 
976 0.42108695320281087 
977 0.42067584379626116 
978 0.4202652191941879 
979 0.41985507851365983 
980 0.41944542087618647 
981 0.4190362454076817 
982 0.4186275512384258 
983 0.41821933750302925 
984 0.41781160334039597 
985 0.41740434789368785 
986 0.41699757031028784 
987 0.41659126974176597 
988 0.41618544534384283 
989 0.4157800962763558 
990 0.4153752217032243 
991 0.414970820792415 
992 0.4145668927159087 
993 0.41416343664966654 
994 0.4137604517735965 
995 0.41335793727152087 
996 0.41295589233114316 
997 0.41255431614401566 
998 0.41215320790550797 
999 0.4117525668147744 
1000 0.41135239207472307 
1001 0.4109526828919844 
1002 0.4105534384768802 
1003 0.4101546580433929 
1004 0.4097563408091357 
1005 0.4093584859953212 
1006 0.40896109282673315 
1007 0.40856416053169553 
1008 0.40816768834204403 
1009 0.4077716754930968 
1010 0.40737612122362515 
1011 0.406981024775826 
1012 0.4065863853952927 
1013 0.4061922023309875 
1014 0.4057984748352136 
1015 0.4054052021635876 
1016 0.40501238357501246 
1017 0.4046200183316502 
1018 0.4042281056988952 
1019 0.4038366449453477 
1020 0.4034456353427875 
1021 0.4030550761661478 
1022 0.40266496669348945 
1023 0.4022753062059754 
1024 0.40188609398784514 
1025 0.4014973293263897 
1026 0.40110901151192685 
1027 0.40072113983777596 
1028 0.40033371360023423 
1029 0.39994673209855175 
1030 0.3995601946349078 
1031 0.399174100514387 
1032 0.3987884490449559 
1033 0.3984032395374394 
1034 0.3980184713054971 
1035 0.39763414366560146 
1036 0.397250255937014 
1037 0.3968668074417633 
1038 0.39648379750462226 
1039 0.3961012254530865 
1040 0.3957190906173518 
1041 0.3953373923302928 
1042 0.3949561299274412 
1043 0.3945753027469645 
1044 0.3941949101296448 
1045 0.39381495141885786 
1046 0.3934354259605521 
1047 0.3930563331032283 
1048 0.39267767219791905 
1049 0.39229944259816846 
1050 0.39192164366001225 
1051 0.39154427474195774 
1052 0.3911673352049643 
1053 0.39079082441242347 
1054 0.3904147417301403 
1055 0.3900390865263135 
1056 0.3896638581715169 
1057 0.3892890560386804 
1058 0.3889146795030715 
1059 0.3885407279422765 
1060 0.3881672007361826 
1061 0.38779409726695957 
1062 0.38742141691904164 
1063 0.3870491590791097 
1064 0.386677323136074 
1065 0.38630590848105606 
1066 0.385934914507372 
1067 0.3855643406105147 
1068 0.38519418618813717 
1069 0.3848244506400355 
1070 0.3844551333681323 
1071 0.38408623377645995 
1072 0.38371775127114427 
1073 0.3833496852603881 
1074 0.3829820351544556 
1075 0.3826148003656556 
1076 0.38224798030832624 
1077 0.3818815743988192 
1078 0.38151558205548397 
1079 0.3811500026986528 
1080 0.38078483575062483 
1081 0.3804200806356515 
1082 0.3800557367799214 
1083 0.3796918036115452 
1084 0.37932828056054113 
1085 0.3789651670588204 
1086 0.37860246254017244 
1087 0.37824016644025105 
1088 0.3778782781965597 
1089 0.37751679724843784 
1090 0.37715572303704664 
1091 0.37679505500535554 
1092 0.3764347925981279 
1093 0.3760749352619082 
1094 0.3757154824450082 
1095 0.37535643359749327 
1096 0.3749977881711702 
1097 0.37463954561957274 
1098 0.3742817053979499 
1099 0.3739242669632521 
1100 0.3735672297741192 
1101 0.37321059329086737 
1102 0.37285435697547675 
1103 0.37249852029157887 
1104 0.3721430827044449 
1105 0.3717880436809729 
1106 0.3714334026896759 
1107 0.3710791592006702 
1108 0.37072531268566317 
1109 0.37037186261794175 
1110 0.3700188084723607 
1111 0.36966614972533096 
1112 0.3693138858548088 
1113 0.36896201634028364 
1114 0.3686105406627674 
1115 0.36825945830478324 
1116 0.36790876875035444 
1117 0.3675584714849938 
1118 0.3672085659956924 
1119 0.3668590517709093 
1120 0.36650992830056023 
1121 0.366161195076008 
1122 0.36581285159005145 
1123 0.365464897336915 
1124 0.36511733181223915 
1125 0.36477015451306927 
1126 0.3644233649378465 
1127 0.3640769625863971 
1128 0.3637309469599231 
1129 0.363385317560992 
1130 0.36304007389352744 
1131 0.3626952154627994 
1132 0.3623507417754149 
1133 0.3620066523393081 
1134 0.3616629466637315 
1135 0.3613196242592462 
1136 0.36097668463771304 
1137 0.3606341273122833 
1138 0.36029195179738965 
1139 0.3599501576087374 
1140 0.3596087442632956 
1141 0.359267711279288 
1142 0.3589270581761847 
1143 0.3585867844746933 
1144 0.35824688969675034 
1145 0.35790737336551304 
1146 0.35756823500535073 
1147 0.35722947414183653 
1148 0.3568910903017392 
1149 0.3565530830130149 
1150 0.3562154518047993 
1151 0.355878196207399 
1152 0.35554131575228437 
1153 0.355204809972081 
1154 0.3548686784005624 
1155 0.3545329205726418 
1156 0.3541975360243649 
1157 0.3538625242929019 
1158 0.35352788491654047 
1159 0.35319361743467764 
1160 0.35285972138781296 
1161 0.3525261963175409 
1162 0.3521930417665437 
1163 0.35186025727858417 
1164 0.35152784239849844 
1165 0.351195796672189 
1166 0.3508641196466177 
1167 0.3505328108697987 
1168 0.35020186989079205 
1169 0.34987129625969593 
1170 0.349541089527641 
1171 0.349211249246783 
1172 0.3488817749702961 
1173 0.34855266625236697 
1174 0.3482239226481876 
1175 0.347895543713949 
1176 0.3475675290068351 
1177 0.347239878085016 
1178 0.34691259050764206 
1179 0.34658566583483746 
1180 0.3462591036276941 
1181 0.34593290344826527 
1182 0.3456070648595603 
1183 0.34528158742553744 
1184 0.34495647071109886 
1185 0.3446317142820845 
1186 0.3443073177052659 
1187 0.3439832805483407 
1188 0.34365960237992715 
1189 0.34333628276955763 
1190 0.3430133212876741 
1191 0.3426907175056214 
1192 0.34236847099564266 
1193 0.3420465813308731 
1194 0.34172504808533516 
1195 0.3414038708339327 
1196 0.34108304915244586 
1197 0.34076258261752573 
1198 0.340442470806689 
1199 0.3401227132983132 
1200 0.3398033096716308 
1201 0.3394842595067249 
1202 0.3391655623845236 
1203 0.3388472178867952 
1204 0.3385292255961433 
1205 0.33821158509600174 
1206 0.3378942959706298 
1207 0.3375773578051075 
1208 0.33726077018533046 
1209 0.3369445326980055 
1210 0.3366286449306457 
1211 0.33631310647156587 
1212 0.33599791690987785 
1213 0.3356830758354861 
1214 0.33536858283908283 
1215 0.33505443751214387 
1216 0.33474063944692406 
1217 0.3344271882364526 
1218 0.33411408347452914 
1219 0.3338013247557191 
1220 0.3334889116753493 
1221 0.33317684382950413 
1222 0.3328651208150208 
1223 0.3325537422294856 
1224 0.33224270767122943 
1225 0.33193201673932393 
1226 0.33162166903357715 
1227 0.3313116641545298 
1228 0.3310020017034509 
1229 0.33069268128233426 
1230 0.3303837024938941 
1231 0.33007506494156136 
1232 0.32976676822948003 
1233 0.3294588119625028 
1234 0.32915119574618795 
1235 0.32884391918679495 
1236 0.3285369818912811 
1237 0.32823038346729777 
1238 0.3279241235231867 
1239 0.32761820166797634 
1240 0.32731261751137847 
1241 0.3270073706637842 
1242 0.32670246073626097 
1243 0.32639788734054853 
1244 0.3260936500890561 
1245 0.32578974859485815 
1246 0.32548618247169164 
1247 0.3251829513339523 
1248 0.32488005479669146 
1249 0.3245774924756126 
1250 0.3242752639870681 
1251 0.32397336894805595 
1252 0.3236718069762167 
1253 0.32337057768983013 
1254 0.32306968070781183 
1255 0.3227691156497106 
1256 0.3224688821357046 
1257 0.3221689797865992 
1258 0.32186940822382304 
1259 0.3215701670694253 
1260 0.321271255946073 
1261 0.3209726744770475 
1262 0.32067442228624204 
1263 0.32037649899815834 
1264 0.32007890423790397 
1265 0.31978163763118966 
1266 0.3194846988043257 
1267 0.3191880873842201 
1268 0.31889180299837505 
1269 0.31859584527488444 
1270 0.31830021384243096 
1271 0.3180049083302837 
1272 0.3177099283682949 
1273 0.3174152735868978 
1274 0.3171209436171036 
1275 0.31682693809049906 
1276 0.31653325663924375 
1277 0.31623989889606735 
1278 0.3159468644942676 
1279 0.31565415306770717 
1280 0.31536176425081114 
1281 0.3150696976785652 
1282 0.31477795298651207 
1283 0.3144865298107503 
1284 0.31419542778793064 
1285 0.31390464655525446 
1286 0.31361418575047095 
1287 0.313324045011875 
1288 0.31303422397830444 
1289 0.31274472228913824 
1290 0.31245553958429373 
1291 0.31216667550422456 
1292 0.31187812968991846 
1293 0.3115899017828947 
1294 0.3113019914252022 
1295 0.3110143982594172 
1296 0.3107271219286408 
1297 0.3104401620764973 
1298 0.31015351834713156 
1299 0.30986719038520705 
1300 0.3095811778359039 
1301 0.30929548034491633 
1302 0.3090100975584512 
1303 0.3087250291232254 
1304 0.30844027468646407 
1305 0.30815583389589846 
1306 0.3078717063997641 
1307 0.30758789184679836 
1308 0.3073043898862391 
1309 0.30702120016782214 
1310 0.3067383223417798 
1311 0.3064557560588384 
1312 0.306173500970217 
1313 0.30589155672762497 
1314 0.30560992298326034 
1315 0.305328599389808 
1316 0.3050475856004375 
1317 0.3047668812688019 
1318 0.3044864860490351 
1319 0.30420639959575063 
1320 0.3039266215640399 
1321 0.30364715160946987 
1322 0.3033679893880818 
1323 0.3030891345563894 
1324 0.30281058677137707 
1325 0.30253234569049814 
1326 0.30225441097167305 
1327 0.301976782273288 
1328 0.30169945925419317 
1329 0.3014224415737007 
1330 0.30114572889158353 
1331 0.30086932086807366 
1332 0.3005932171638604 
1333 0.3003174174400886 
1334 0.30004192135835756 
1335 0.29976672858071907 
1336 0.29949183876967606 
1337 0.2992172515881807 
1338 0.2989429666996335 
1339 0.2986689837678809 
1340 0.29839530245721485 
1341 0.2981219224323701 
1342 0.29784884335852396 
1343 0.29757606490129357 
1344 0.29730358672673557 
1345 0.29703140850134385 
1346 0.2967595298920487 
1347 0.29648795056621474 
1348 0.29621667019164016 
1349 0.2959456884365548 
1350 0.2956750049696192 
1351 0.29540461945992275 
1352 0.2951345315769828 
1353 0.29486474099074295 
1354 0.2945952473715719 
1355 0.29432605039026194 
1356 0.2940571497180278 
1357 0.2937885450265053 
1358 0.2935202359877498 
1359 0.29325222227423553 
1360 0.2929845035588534 
1361 0.29271707951491066 
1362 0.2924499498161289 
1363 0.2921831141366433 
1364 0.29191657215100103 
1365 0.29165032353416037 
1366 0.29138436796148903 
1367 0.29111870510876353 
1368 0.29085333465216734 
1369 0.2905882562682903 
1370 0.2903234696341271 
1371 0.290058974427076 
1372 0.28979477032493794 
1373 0.2895308570059154 
1374 0.28926723414861094 
1375 0.28900390143202626 
1376 0.28874085853556114 
1377 0.2884781051390124 
1378 0.2882156409225723 
1379 0.287953465566828 
1380 0.28769157875276014 
1381 0.287429980161742 
1382 0.28716866947553804 
1383 0.28690764637630334 
1384 0.28664691054658203 
1385 0.2863864616693067 
1386 0.28612629942779705 
1387 0.28586642350575886 
1388 0.28560683358728306 
1389 0.28534752935684493 
1390 0.28508851049930256 
1391 0.28482977669989623 
1392 0.28457132764424753 
1393 0.28431316301835785 
1394 0.284055282508608 
1395 0.2837976858017568 
1396 0.28354037258494014 
1397 0.2832833425456705 
1398 0.2830265953718354 
1399 0.2827701307516968 
1400 0.28251394837388993 
1401 0.28225804792742276 
1402 0.28200242910167456 
1403 0.2817470915863953 
1404 0.28149203507170495 
1405 0.28123725924809184 
1406 0.2809827638064126 
1407 0.2807285484378908 
1408 0.2804746128341161 
1409 0.28022095668704355 
1410 0.2799675796889925 
1411 0.27971448153264605 
1412 0.2794616619110497 
1413 0.27920912051761115 
1414 0.2789568570460988 
1415 0.2787048711906413 
1416 0.27845316264572684 
1417 0.2782017311062018 
1418 0.27795057626727043 
1419 0.2776996978244938 
1420 0.2774490954737891 
1421 0.27719876891142875 
1422 0.2769487178340396 
1423 0.27669894193860217 
1424 0.27644944092244994 
1425 0.2762002144832685 
1426 0.2759512623190946 
1427 0.27570258412831594 
1428 0.2754541796096695 
1429 0.2752060484622418 
1430 0.2749581903854673 
1431 0.27471060507912826 
1432 0.2744632922433535 
1433 0.2742162515786182 
1434 0.27396948278574257 
1435 0.27372298556589164 
1436 0.2734767596205742 
1437 0.2732308046516424 
1438 0.27298512036129063 
1439 0.27273970645205514 
1440 0.27249456262681326 
1441 0.2722496885887824 
1442 0.2720050840415202 
1443 0.2717607486889227 
1444 0.2715166822352246 
1445 0.27127288438499797 
1446 0.2710293548431519 
1447 0.2707860933149318 
1448 0.27054309950591876 
1449 0.2703003731220286 
1450 0.27005791386951145 
1451 0.2698157214549513 
1452 0.2695737955852649 
1453 0.26933213596770145 
1454 0.2690907423098418 
1455 0.2688496143195979 
1456 0.2686087517052122 
1457 0.2683681541752568 
1458 0.2681278214386331 
1459 0.26788775320457114 
1460 0.2676479491826287 
1461 0.26740840908269115 
1462 0.2671691326149705 
1463 0.2669301194900047 
1464 0.2666913694186577 
1465 0.2664528821121179 
1466 0.2662146572818983 
1467 0.2659766946398356 
1468 0.26573899389808986 
1469 0.26550155476914333 
1470 0.2652643769658007 
1471 0.26502746020118795 
1472 0.2647908041887517 
1473 0.2645544086422594 
1474 0.26431827327579777 
1475 0.26408239780377296 
1476 0.26384678194090966 
1477 0.2636114254022507 
1478 0.2633763279031564 
1479 0.263141489159304 
1480 0.26290690888668744 
1481 0.26267258680161626 
1482 0.26243852262071543 
1483 0.262204716060925 
1484 0.261971166839499 
1485 0.26173787467400544 
1486 0.2615048392823255 
1487 0.261272060382653 
1488 0.26103953769349425 
1489 0.260807270933667 
1490 0.2605752598223003 
1491 0.26034350407883383 
1492 0.26011200342301766 
1493 0.2598807575749111 
1494 0.25964976625488295 
1495 0.2594190291836107 
1496 0.25918854608207986 
1497 0.25895831667158364 
1498 0.25872834067372263 
1499 0.25849861781040395 
1500 0.258269147803841 
1501 0.258039930376553 
1502 0.25781096525136427 
1503 0.2575822521514041 
1504 0.257353790800106 
1505 0.25712558092120735 
1506 0.2568976222387489 
1507 0.25666991447707443 
1508 0.25644245736083 
1509 0.25621525061496375 
1510 0.25598829396472544 
1511 0.25576158713566566 
1512 0.25553512985363597 
1513 0.2553089218447877 
1514 0.25508296283557236 
1515 0.25485725255274044 
1516 0.25463179072334124 
1517 0.25440657707472264 
1518 0.2541816113345304 
1519 0.25395689323070775 
1520 0.25373242249149497 
1521 0.2535081988454292 
1522 0.2532842220213436 
1523 0.2530604917483672 
1524 0.2528370077559244 
1525 0.25261376977373445 
1526 0.2523907775318113 
1527 0.25216803076046274 
1528 0.2519455291902905 
1529 0.2517232725521894 
1530 0.2515012605773474 
1531 0.2512794929972444 
1532 0.2510579695436528 
1533 0.2508366899486363 
1534 0.25061565394455 
1535 0.25039486126403976 
1536 0.25017431164004184 
1537 0.24995400480578256 
1538 0.24973394049477773 
1539 0.2495141184408325 
1540 0.24929453837804075 
1541 0.24907520004078487 
1542 0.2488561031637352 
1543 0.24863724748184973 
1544 0.2484186327303738 
1545 0.24820025864483955 
1546 0.24798212496106553 
1547 0.24776423141515652 
1548 0.24754657774350297 
1549 0.24732916368278066 
1550 0.24711198896995037 
1551 0.2468950533422575 
1552 0.2466783565372315 
1553 0.24646189829268586 
1554 0.24624567834671743 
1555 0.24602969643770617 
1556 0.24581395230431471 
1557 0.24559844568548828 
1558 0.24538317632045387 
1559 0.24516814394872014 
1560 0.24495334831007712 
1561 0.24473878914459574 
1562 0.24452446619262738 
1563 0.2443103791948037 
1564 0.2440965278920362 
1565 0.24388291202551582 
1566 0.24366953133671274 
1567 0.2434563855673758 
1568 0.24324347445953226 
1569 0.24303079775548764 
1570 0.24281835519782494 
1571 0.24260614652940476 
1572 0.2423941714933646 
1573 0.24218242983311875 
1574 0.24197092129235775 
1575 0.24175964561504829 
1576 0.24154860254543264 
1577 0.24133779182802845 
1578 0.2411272132076282 
1579 0.24091686642929935 
1580 0.24070675123838345 
1581 0.24049686738049605 
1582 0.2402872146015264 
1583 0.24007779264763712 
1584 0.23986860126526377 
1585 0.23965964020111463 
1586 0.23945090920217021 
1587 0.23924240801568322 
1588 0.2390341363891778 
1589 0.2388260940704497 
1590 0.23861828080756559 
1591 0.2384106963488629 
1592 0.23820334044294936 
1593 0.23799621283870293 
1594 0.23778931328527114 
1595 0.2375826415320712 
1596 0.23737619732878912 
1597 0.23716998042538007 
1598 0.23696399057206746 
1599 0.23675822751934297 
1600 0.2365526910179661 
1601 0.2363473808189641 
1602 0.23614229667363107 
1603 0.23593743833352837 
1604 0.2357328055504839 
1605 0.23552839807659187 
1606 0.23532421566421244 
1607 0.2351202580659716 
1608 0.23491652503476051 
1609 0.2347130163237357 
1610 0.23450973168631836 
1611 0.23430667087619414 
1612 0.23410383364731288 
1613 0.2339012197538884 
1614 0.233698828950398 
1615 0.2334966609915823 
1616 0.23329471563244497 
1617 0.2330929926282522 
1618 0.23289149173453288 
1619 0.23269021270707776 
1620 0.23248915530193945 
1621 0.232288319275432 
1622 0.2320877043841309 
1623 0.23188731038487234 
1624 0.23168713703475333 
1625 0.23148718409113112 
1626 0.23128745131162304 
1627 0.2310879384541062 
1628 0.23088864527671712 
1629 0.23068957153785163 
1630 0.23049071699616444 
1631 0.23029208141056884 
1632 0.23009366454023658 
1633 0.22989546614459713 
1634 0.22969748598333817 
1635 0.2294997238164046 
1636 0.2293021794039986 
1637 0.22910485250657922 
1638 0.22890774288486224 
1639 0.22871085029981972 
1640 0.22851417451267989 
1641 0.22831771528492673 
1642 0.22812147237829977 
1643 0.22792544555479372 
1644 0.22772963457665837 
1645 0.2275340392063982 
1646 0.22733865920677207 
1647 0.22714349434079295 
1648 0.2269485443717278 
1649 0.22675380906309703 
1650 0.22655928817867463 
1651 0.2263649814824873 
1652 0.2261708887388148 
1653 0.22597700971218943 
1654 0.22578334416739548 
1655 0.22558989186946943 
1656 0.22539665258369937 
1657 0.2252036260756249 
1658 0.2250108121110368 
1659 0.22481821045597658 
1660 0.22462582087673663 
1661 0.2244336431398596 
1662 0.2242416770121383 
1663 0.22404992226061518 
1664 0.22385837865258254 
1665 0.2236670459555819 
1666 0.2234759239374038 
1667 0.22328501236608753 
1668 0.22309431100992097 
1669 0.2229038196374403 
1670 0.22271353801742963 
1671 0.22252346591892083 
1672 0.2223336031111934 
1673 0.22214394936377374 
1674 0.2219545044464356 
1675 0.2217652681291991 
1676 0.22157624018233113 
1677 0.22138742037634448 
1678 0.221198808481998 
1679 0.2210104042702963 
1680 0.22082220751248938 
1681 0.22063421798007216 
1682 0.2204464354447849 
1683 0.22025885967861222 
1684 0.22007149045378324 
1685 0.21988432754277118 
1686 0.21969737071829326 
1687 0.21951061975331027 
1688 0.21932407442102636 
1689 0.219137734494889 
1690 0.21895159974858824 
1691 0.21876566995605717 
1692 0.21857994489147095 
1693 0.21839442432924694 
1694 0.21820910804404453 
1695 0.21802399581076465 
1696 0.21783908740454963 
1697 0.21765438260078296 
1698 0.217469881175089 
1699 0.21728558290333286 
1700 0.21710148756161984 
1701 0.21691759492629561 
1702 0.21673390477394583 
1703 0.21655041688139545 
1704 0.21636713102570915 
1705 0.21618404698419072 
1706 0.21600116453438287 
1707 0.21581848345406687 
1708 0.21563600352126272 
1709 0.21545372451422837 
1710 0.21527164621145986 
1711 0.2150897683916908 
1712 0.2149080908338925 
1713 0.21472661331727322 
1714 0.21454533562127853 
1715 0.21436425752559043 
1716 0.2141833788101276 
1717 0.21400269925504503 
1718 0.2138222186407336 
1719 0.21364193674782017 
1720 0.21346185335716686 
1721 0.21328196824987136 
1722 0.21310228120726632 
1723 0.21292279201091918 
1724 0.21274350044263216 
1725 0.21256440628444162 
1726 0.21238550931861813 
1727 0.21220680932766617 
1728 0.21202830609432385 
1729 0.21184999940156263 
1730 0.2116718890325873 
1731 0.2114939747708354 
1732 0.21131625639997723 
1733 0.2111387337039157 
1734 0.21096140646678577 
1735 0.21078427447295445 
1736 0.21060733750702065 
1737 0.21043059535381461 
1738 0.21025404779839796 
1739 0.21007769462606338 
1740 0.2099015356223345 
1741 0.20972557057296534 
1742 0.2095497992639405 
1743 0.20937422148147458 
1744 0.20919883701201206 
1745 0.20902364564222725 
1746 0.20884864715902376 
1747 0.2086738413495346 
1748 0.2084992280011214 
1749 0.2083248069013749 
1750 0.2081505778381143 
1751 0.20797654059938692 
1752 0.20780269497346826 
1753 0.20762904074886174 
1754 0.20745557771429818 
1755 0.20728230565873595 
1756 0.2071092243713605 
1757 0.20693633364158426 
1758 0.20676363325904626 
1759 0.20659112301361207 
1760 0.20641880269537347 
1761 0.20624667209464823 
1762 0.20607473100198004 
1763 0.205902979208138 
1764 0.20573141650411653 
1765 0.20556004268113534 
1766 0.20538885753063887 
1767 0.20521786084429622 
1768 0.205047052414001 
1769 0.20487643203187103 
1770 0.20470599949024804 
1771 0.20453575458169757 
1772 0.20436569709900873 
1773 0.2041958268351938 
1774 0.20402614358348833 
1775 0.2038566471373507 
1776 0.20368733729046176 
1777 0.20351821383672505 
1778 0.2033492765702661 
1779 0.20318052528543254 
1780 0.20301195977679368 
1781 0.20284357983914036 
1782 0.20267538526748485 
1783 0.20250737585706033 
1784 0.20233955140332102 
1785 0.20217191170194165 
1786 0.20200445654881746 
1787 0.20183718574006387 
1788 0.20167009907201633 
1789 0.20150319634122998 
1790 0.2013364773444796 
1791 0.20116994187875917 
1792 0.20100358974128194 
1793 0.20083742072947994 
1794 0.20067143464100387 
1795 0.200505631273723 
1796 0.20034001042572472 
1797 0.20017457189531446 
1798 0.20000931548101544 
1799 0.19984424098156847 
1800 0.19967934819593178 
1801 0.1995146369232807 
1802 0.1993501069630075 
1803 0.19918575811472114 
1804 0.19902159017824708 
1805 0.19885760295362712 
1806 0.19869379624111902 
1807 0.19853016984119648 
1808 0.1983667235545488 
1809 0.1982034571820807 
1810 0.1980403705249121 
1811 0.19787746338437792 
1812 0.19771473556202782 
1813 0.19755218685962603 
1814 0.19738981707915113 
1815 0.19722762602279584 
1816 0.1970656134929668 
1817 0.1969037792922843 
1818 0.19674212322358217 
1819 0.19658064508990752 
1820 0.1964193446945204 
1821 0.1962582218408939 
1822 0.1960972763327136 
1823 0.19593650797387754 
1824 0.195775916568496 
1825 0.19561550192089122 
1826 0.19545526383559722 
1827 0.19529520211735962 
1828 0.19513531657113545 
1829 0.19497560700209274 
1830 0.19481607321561056 
1831 0.19465671501727874 
1832 0.19449753221289753 
1833 0.19433852460847761 
1834 0.19417969201023957 
1835 0.1940210342246141 
1836 0.19386255105824138 
1837 0.1937042423179712 
1838 0.19354610781086246 
1839 0.19338814734418325 
1840 0.19323036072541036 
1841 0.1930727477622293 
1842 0.192915308262534 
1843 0.19275804203442648 
1844 0.19260094888621693 
1845 0.1924440286264232 
1846 0.1922872810637708 
1847 0.1921307060071925 
1848 0.1919743032658284 
1849 0.19181807264902545 
1850 0.19166201396633734 
1851 0.19150612702752437 
1852 0.1913504116425531 
1853 0.19119486762159632 
1854 0.1910394947750326 
1855 0.19088429291344636 
1856 0.19072926184762748 
1857 0.1905744013885711 
1858 0.19041971134747748 
1859 0.19026519153575183 
1860 0.19011084176500395 
1861 0.18995666184704818 
1862 0.18980265159390305 
1863 0.1896488108177913 
1864 0.18949513933113946 
1865 0.1893416369465776 
1866 0.18918830347693946 
1867 0.18903513873526182 
1868 0.18888214253478464 
1869 0.18872931468895066 
1870 0.18857665501140528 
1871 0.1884241633159963 
1872 0.18827183941677378 
1873 0.18811968312798982 
1874 0.1879676942640982 
1875 0.1878158726397545 
1876 0.18766421806981565 
1877 0.18751273036933966 
1878 0.18736140935358575 
1879 0.18721025483801385 
1880 0.18705926663828445 
1881 0.18690844457025851 
1882 0.18675778844999713 
1883 0.18660729809376145 
1884 0.18645697331801234 
1885 0.1863068139394104 
1886 0.18615681977481544 
1887 0.18600699064128653 
1888 0.18585732635608182 
1889 0.18570782673665812 
1890 0.1855584916006709 
1891 0.1854093207659739 
1892 0.18526031405061924 
1893 0.18511147127285685 
1894 0.18496279225113452 
1895 0.18481427680409757 
1896 0.18466592475058882 
1897 0.18451773590964815 
1898 0.18436971010051245 
1899 0.18422184714261547 
1900 0.18407414685558746 
1901 0.1839266090592551 
1902 0.1837792335736412 
1903 0.18363202021896463 
1904 0.1834849688156401 
1905 0.1833380791842777 
1906 0.18319135114568316 
1907 0.18304478452085723 
1908 0.18289837913099571 
1909 0.1827521347974893 
1910 0.18260605134192315 
1911 0.18246012858607685 
1912 0.18231436635192427 
1913 0.18216876446163321 
1914 0.18202332273756533 
1915 0.1818780410022759 
1916 0.18173291907851363 
1917 0.18158795678922038 
1918 0.1814431539575311 
1919 0.18129851040677353 
1920 0.18115402596046806 
1921 0.1810097004423276 
1922 0.1808655336762571 
1923 0.18072152548635378 
1924 0.18057767569690658 
1925 0.18043398413239614 
1926 0.18029045061749455 
1927 0.18014707497706517 
1928 0.1800038570361624 
1929 0.17986079662003154 
1930 0.17971789355410864 
1931 0.17957514766402008 
1932 0.1794325587755827 
1933 0.17929012671480332 
1934 0.17914785130787877 
1935 0.17900573238119546 
1936 0.17886376976132942 
1937 0.17872196327504597 
1938 0.17858031274929959 
1939 0.17843881801123365 
1940 0.1782974788881803 
1941 0.1781562952076602 
1942 0.17801526679738242 
1943 0.17787439348524423 
1944 0.17773367509933072 
1945 0.17759311146791498 
1946 0.17745270241945751 
1947 0.17731244778260624 
1948 0.17717234738619642 
1949 0.17703240105925017 
1950 0.17689260863097656 
1951 0.17675296993077116 
1952 0.1766134847882161 
1953 0.17647415303307976 
1954 0.17633497449531643 
1955 0.17619594900506644 
1956 0.1760570763926557 
1957 0.17591835648859563 
1958 0.17577978912358302 
1959 0.17564137412849967 
1960 0.1755031113344123 
1961 0.1753650005725724 
1962 0.17522704167441602 
1963 0.1750892344715635 
1964 0.17495157879581935 
1965 0.17481407447917208 
1966 0.17467672135379397 
1967 0.1745395192520409 
1968 0.1744024680064521 
1969 0.1742655674497501 
1970 0.17412881741484043 
1971 0.1739922177348114 
1972 0.17385576824293397 
1973 0.17371946877266173 
1974 0.1735833191576303 
1975 0.17344731923165757 
1976 0.17331146882874326 
1977 0.17317576778306878 
1978 0.17304021592899713 
1979 0.17290481310107256 
1980 0.17276955913402053 
1981 0.1726344538627475 
1982 0.1724994971223406 
1983 0.17236468874806765 
1984 0.17223002857537684 
1985 0.17209551643989654 
1986 0.1719611521774352 
1987 0.1718269356239811 
1988 0.1716928666157022 
1989 0.17155894498894594 
1990 0.17142517058023896 
1991 0.17129154322628712 
1992 0.17115806276397516 
1993 0.17102472903036653 
1994 0.17089154186270325 
1995 0.17075850109840568 
1996 0.1706256065750724 
1997 0.17049285813047993 
1998 0.17036025560258272 
1999 0.17022779882951272 
2000 0.1700954876495793 
2001 0.1699633219012693 
2002 0.16983130142324643 
2003 0.16969942605435132 
2004 0.1695676956336014 
2005 0.16943611000019057 
2006 0.1693046689934891 
2007 0.16917337245304329 
2008 0.16904222021857562 
2009 0.16891121212998425 
2010 0.168780348027343 
2011 0.16864962775090106 
2012 0.16851905114108295 
2013 0.16838861803848817 
2014 0.16825832828389112 
2015 0.16812818171824095 
2016 0.16799817818266133 
2017 0.16786831751845024 
2018 0.1677385995670798 
2019 0.16760902417019616 
2020 0.1674795911696192 
2021 0.1673503004073425 
2022 0.167221151725533 
2023 0.16709214496653096 
2024 0.16696327997284965 
2025 0.16683455658717528 
2026 0.1667059746523667 
2027 0.16657753401145542 
2028 0.16644923450764523 
2029 0.16632107598431206 
2030 0.16619305828500391 
2031 0.16606518125344055 
2032 0.1659374447335134 
2033 0.1658098485692853 
2034 0.16568239260499046 
2035 0.16555507668503405 
2036 0.16542790065399235 
2037 0.1653008643566122 
2038 0.16517396763781111 
2039 0.165047210342677 
2040 0.16492059231646786 
2041 0.16479411340461184 
2042 0.1646677734527069 
2043 0.16454157230652067 
2044 0.1644155098119903 
2045 0.16428958581522224 
2046 0.1641638001624921 
2047 0.16403815270024444 
2048 0.16391264327509258 
2049 0.16378727173381857 
2050 0.16366203792337275 
2051 0.16353694169087382 
2052 0.16341198288360853 
2053 0.16328716134903154 
2054 0.16316247693476527 
2055 0.1630379294885996 
2056 0.16291351885849192 
2057 0.16278924489256674 
2058 0.16266510743911566 
2059 0.16254110634659705 
2060 0.1624172414636361 
2061 0.1622935126390243 
2062 0.16216991972171968 
2063 0.16204646256084632 
2064 0.1619231410056943 
2065 0.16179995490571947 
2066 0.1616769041105433 
2067 0.1615539884699529 
2068 0.16143120783390041 
2069 0.16130856205250327 
2070 0.16118605097604377 
2071 0.161063674454969 
2072 0.16094143233989058 
2073 0.16081932448158465 
2074 0.16069735073099145 
2075 0.16057551093921552 
2076 0.160453804957525 
2077 0.16033223263735208 
2078 0.16021079383029224 
2079 0.16008948838810447 
2080 0.15996831616271098 
2081 0.15984727700619691 
2082 0.15972637077081042 
2083 0.15960559730896226 
2084 0.15948495647322572 
2085 0.15936444811633646 
2086 0.15924407209119235 
2087 0.15912382825085317 
2088 0.15900371644854067 
2089 0.15888373653763815 
2090 0.15876388837169053 
2091 0.1586441718044039 
2092 0.1585245866896457 
2093 0.15840513288144417 
2094 0.15828581023398847 
2095 0.15816661860162842 
2096 0.15804755783887425 
2097 0.1579286278003966 
2098 0.1578098283410261 
2099 0.15769115931575348 
2100 0.1575726205797292 
2101 0.1574542119882634 
2102 0.15733593339682567 
2103 0.15721778466104483 
2104 0.15709976563670888 
2105 0.15698187617976483 
2106 0.15686411614631837 
2107 0.1567464853926339 
2108 0.15662898377513415 
2109 0.15651161115040033 
2110 0.15639436737517157 
2111 0.15627725230634507 
2112 0.15616026580097583 
2113 0.1560434077162763 
2114 0.1559266779096166 
2115 0.15581007623852394 
2116 0.1556936025606828 
2117 0.1555772567339345 
2118 0.15546103861627714 
2119 0.15534494806586552 
2120 0.1552289849410108 
2121 0.1551131491001805 
2122 0.15499744040199825 
2123 0.1548818587052435 
2124 0.15476640386885168 
2125 0.1546510757519137 
2126 0.15453587421367593 
2127 0.15442079911354015 
2128 0.15430585031106317 
2129 0.1541910276659567 
2130 0.1540763310380874 
2131 0.15396176028747646 
2132 0.15384731527429954 
2133 0.1537329958588866 
2134 0.15361880190172184 
2135 0.15350473326344324 
2136 0.15339078980484278 
2137 0.15327697138686594 
2138 0.15316327787061182 
2139 0.1530497091173327 
2140 0.15293626498843413 
2141 0.15282294534547458 
2142 0.1527097500501654 
2143 0.15259667896437054 
2144 0.15248373195010653 
2145 0.1523709088695422 
2146 0.15225820958499858 
2147 0.1521456339589487 
2148 0.1520331818540174 
2149 0.15192085313298137 
2150 0.15180864765876864 
2151 0.15169656529445874 
2152 0.15158460590328235 
2153 0.15147276934862117 
2154 0.1513610554940079 
2155 0.15124946420312585 
2156 0.15113799533980898 
2157 0.15102664876804153 
2158 0.15091542435195812 
2159 0.15080432195584342 
2160 0.15069334144413193 
2161 0.15058248268140803 
2162 0.1504717455324056 
2163 0.15036112986200809 
2164 0.15025063553524806 
2165 0.15014026241730735 
2166 0.15003001037351665 
2167 0.14991987926935554 
2168 0.1498098689704522 
2169 0.1496999793425833 
2170 0.14959021025167385 
2171 0.149480561563797 
2172 0.1493710331451739 
2173 0.14926162486217362 
2174 0.14915233658131286 
2175 0.1490431681692559 
2176 0.1489341194928143 
2177 0.148825190418947 
2178 0.14871638081475985 
2179 0.14860769054750572 
2180 0.14849911948458408 
2181 0.14839066749354116 
2182 0.14828233444206948 
2183 0.14817412019800794 
2184 0.1480660246293415 
2185 0.1479580476042011 
2186 0.1478501889908634 
2187 0.1477424486577509 
2188 0.14763482647343143 
2189 0.1475273223066182 
2190 0.14741993602616957 
2191 0.14731266750108898 
2192 0.14720551660052478 
2193 0.1470984831937699 
2194 0.14699156715026188 
2195 0.1468847683395827 
2196 0.1467780866314586 
2197 0.14667152189575985 
2198 0.14656507400250066 
2199 0.1464587428218391 
2200 0.14635252822407677 
2201 0.14624643007965882 
2202 0.14614044825917366 
2203 0.14603458263335292 
2204 0.1459288330730712 
2205 0.14582319944934596 
2206 0.14571768163333745 
2207 0.14561227949634828 
2208 0.1455069929098237 
2209 0.14540182174535096 
2210 0.14529676587465962 
2211 0.145191825169621 
2212 0.14508699950224838 
2213 0.14498228874469646 
2214 0.14487769276926166 
2215 0.14477321144838148 
2216 0.1446688446546348 
2217 0.14456459226074145 
2218 0.14446045413956207 
2219 0.14435643016409808 
2220 0.14425252020749155 
2221 0.14414872414302476 
2222 0.14404504184412048 
2223 0.14394147318434142 
2224 0.14383801803739032 
2225 0.14373467627710979 
2226 0.143631447777482 
2227 0.1435283324126287 
2228 0.143425330056811 
2229 0.14332244058442906 
2230 0.1432196638700224 
2231 0.14311699978826928 
2232 0.1430144482139866 
2233 0.14291200902213008 
2234 0.14280968208779382 
2235 0.14270746728621017 
2236 0.14260536449274977 
2237 0.14250337358292117 
2238 0.1424014944323708 
2239 0.14229972691688283 
2240 0.142198070912379 
2241 0.1420965262949184 
2242 0.14199509294069748 
2243 0.14189377072604975 
2244 0.14179255952744574 
2245 0.14169145922149273 
2246 0.14159046968493477 
2247 0.14148959079465234 
2248 0.1413888224276624 
2249 0.14128816446111805 
2250 0.1411876167723085 
2251 0.14108717923865896 
2252 0.14098685173773043 
2253 0.1408866341472194 
2254 0.14078652634495803 
2255 0.14068652820891372 
2256 0.1405866396171892 
2257 0.14048686044802217 
2258 0.1403871905797852 
2259 0.14028762989098573 
2260 0.1401881782602657 
2261 0.14008883556640173 
2262 0.13998960168830446 
2263 0.139890476505019 
2264 0.13979145989572436 
2265 0.13969255173973344 
2266 0.13959375191649295 
2267 0.13949506030558312 
2268 0.1393964767867177 
2269 0.13929800123974373 
2270 0.13919963354464143 
2271 0.13910137358152405 
2272 0.1390032212306377 
2273 0.13890517637236122 
2274 0.13880723888720603 
2275 0.13870940865581605 
2276 0.13861168555896744 
2277 0.1385140694775686 
2278 0.1384165602926599 
2279 0.13831915788541355 
2280 0.13822186213713353 
2281 0.13812467292925543 
2282 0.13802759014334623 
2283 0.13793061366110426 
2284 0.13783374336435894 
2285 0.13773697913507085 
2286 0.13764032085533126 
2287 0.13754376840736235 
2288 0.13744732167351673 
2289 0.13735098053627756 
2290 0.13725474487825828 
2291 0.13715861458220252 
2292 0.13706258953098385 
2293 0.13696666960760587 
2294 0.13687085469520174 
2295 0.13677514467703442 
2296 0.13667953943649608 
2297 0.1365840388571085 
2298 0.13648864282252238 
2299 0.1363933512165176 
2300 0.136298163923003 
2301 0.13620308082601595 
2302 0.13610810180972263 
2303 0.13601322675841765 
2304 0.13591845555652393 
2305 0.13582378808859258 
2306 0.1357292242393028 
2307 0.13563476389346174 
2308 0.13554040693600428 
2309 0.13544615325199288 
2310 0.13535200272661763 
2311 0.13525795524519596 
2312 0.1351640106931724 
2313 0.1350701689561187 
2314 0.13497642991973352 
2315 0.1348827934698423 
2316 0.13478925949239723 
2317 0.1346958278734769 
2318 0.13460249849928638 
2319 0.134509271256157 
2320 0.1344161460305462 
2321 0.13432312270903735 
2322 0.13423020117833975 
2323 0.1341373813252884 
2324 0.13404466303684381 
2325 0.13395204620009196 
2326 0.13385953070224413 
2327 0.1337671164306367 
2328 0.1336748032727312 
2329 0.1335825911161139 
2330 0.1334904798484959 
2331 0.133398469357713 
2332 0.13330655953172527 
2333 0.13321475025861731 
2334 0.13312304142659787 
2335 0.13303143292399972 
2336 0.13293992463927962 
2337 0.1328485164610181 
2338 0.13275720827791943 
2339 0.13266599997881132 
2340 0.1325748914526449 
2341 0.13248388258849458 
2342 0.13239297327555796 
2343 0.13230216340315545 
2344 0.13221145286073058 
2345 0.13212084153784934 
2346 0.13203032932420047 
2347 0.1319399161095951 
2348 0.13184960178396676 
2349 0.13175938623737107 
2350 0.13166926935998577 
2351 0.1315792510421105 
2352 0.13148933117416672 
2353 0.13139950964669747 
2354 0.1313097863503674 
2355 0.1312201611759625 
2356 0.13113063401439004 
2357 0.13104120475667835 
2358 0.13095187329397687 
2359 0.1308626395175558 
2360 0.13077350331880616 
2361 0.1306844645892394 
2362 0.13059552322048765 
2363 0.1305066791043032 
2364 0.13041793213255867 
2365 0.13032928219724663 
2366 0.13024072919047963 
2367 0.1301522730044901 
2368 0.13006391353163002 
2369 0.12997565066437097 
2370 0.12988748429530406 
2371 0.12979941431713946 
2372 0.12971144062270668 
2373 0.1296235631049541 
2374 0.12953578165694912 
2375 0.1294480961718779 
2376 0.1293605065430451 
2377 0.12927301266387398 
2378 0.12918561442790621 
2379 0.1290983117288016 
2380 0.1290111044603381 
2381 0.1289239925164117 
2382 0.12883697579103617 
2383 0.12875005417834312 
2384 0.12866322757258158 
2385 0.12857649586811823 
2386 0.12848985895943696 
2387 0.12840331674113892 
2388 0.12831686910794232 
2389 0.12823051595468235 
2390 0.128144257176311 
2391 0.128058092667897 
2392 0.1279720223246256 
2393 0.12788604604179846 
2394 0.12780016371483366 
2395 0.12771437523926543 
2396 0.12762868051074394 
2397 0.12754307942503548 
2398 0.127457571878022 
2399 0.12737215776570118 
2400 0.1272868369841863 
2401 0.12720160942970593 
2402 0.12711647499860404 
2403 0.12703143358733981 
2404 0.12694648509248735 
2405 0.12686162941073573 
2406 0.12677686643888883 
2407 0.1266921960738652 
2408 0.1266076182126979 
2409 0.1265231327525344 
2410 0.1264387395906366 
2411 0.12635443862438026 
2412 0.12627022975125546 
2413 0.1261861128688661 
2414 0.12610208787492982 
2415 0.12601815466727798 
2416 0.12593431314385548 
2417 0.12585056320272056 
2418 0.12576690474204488 
2419 0.1256833376601131 
2420 0.12559986185532307 
2421 0.12551647722618545 
2422 0.12543318367132375 
2423 0.12534998108947412 
2424 0.12526686937948525 
2425 0.1251838484403183 
2426 0.12510091817104668 
2427 0.12501807847085597 
2428 0.12493532923904381 
2429 0.1248526703750198 
2430 0.1247701017783053 
2431 0.12468762334853337 
2432 0.12460523498544858 
2433 0.12452293658890703 
2434 0.12444072805887609 
2435 0.12435860929543428 
2436 0.12427658019877122 
2437 0.12419464066918752 
2438 0.12411279060709453 
2439 0.12403102991301439 
2440 0.12394935848757975 
2441 0.12386777623153375 
2442 0.12378628304572985 
2443 0.12370487883113176 
2444 0.12362356348881326 
2445 0.1235423369199581 
2446 0.12346119902585992 
2447 0.12338014970792203 
2448 0.12329918886765742 
2449 0.12321831640668852 
2450 0.12313753222674713 
2451 0.12305683622967435 
2452 0.12297622831742037 
2453 0.12289570839204436 
2454 0.12281527635571447 
2455 0.12273493211070759 
2456 0.12265467555940913 
2457 0.12257450660431322 
2458 0.1224944251480223 
2459 0.12241443109324716 
2460 0.12233452434280666 
2461 0.12225470479962783 
2462 0.12217497236674553 
2463 0.1220953269473025 
2464 0.12201576844454921 
2465 0.12193629676184364 
2466 0.12185691180265121 
2467 0.12177761347054479 
2468 0.12169840166920436 
2469 0.12161927630241705 
2470 0.12154023727407702 
2471 0.12146128448818524 
2472 0.12138241784884944 
2473 0.12130363726028404 
2474 0.12122494262680984 
2475 0.12114633385285421 
2476 0.1210678108429507 
2477 0.12098937350173905 
2478 0.12091102173396501 
2479 0.12083275544448034 
2480 0.12075457453824257 
2481 0.12067647892031487 
2482 0.12059846849586611 
2483 0.12052054317017055 
2484 0.12044270284860781 
2485 0.12036494743666273 
2486 0.1202872768399253 
2487 0.12020969096409048 
2488 0.12013218971495812 
2489 0.12005477299843283 
2490 0.11997744072052392 
2491 0.11990019278734516 
2492 0.11982302910511487 
2493 0.1197459495801555 
2494 0.11966895411889386 
2495 0.11959204262786072 
2496 0.11951521501369089 
2497 0.119438471183123 
2498 0.11936181104299935 
2499 0.11928523450026596 
2500 0.11920874146197236 
2501 0.11913233183527133 
2502 0.11905600552741911 
2503 0.11897976244577499 
2504 0.11890360249780126 
2505 0.1188275255910633 
2506 0.11875153163322921 
2507 0.1186756205320698 
2508 0.11859979219545849 
2509 0.11852404653137123 
2510 0.11844838344788627 
2511 0.11837280285318406 
2512 0.11829730465554737 
2513 0.11822188876336086 
2514 0.11814655508511117 
2515 0.11807130352938666 
2516 0.11799613400487749 
2517 0.11792104642037536 
2518 0.11784604068477338 
2519 0.11777111670706614 
2520 0.11769627439634933 
2521 0.11762151366181986 
2522 0.11754683441277566 
2523 0.11747223655861554 
2524 0.11739772000883911 
2525 0.11732328467304669 
2526 0.11724893046093914 
2527 0.11717465728231782 
2528 0.11710046504708443 
2529 0.11702635366524086 
2530 0.11695232304688921 
2531 0.11687837310223158 
2532 0.11680450374156995 
2533 0.11673071487530615 
2534 0.11665700641394158 
2535 0.11658337826807738 
2536 0.11650983034841408 
2537 0.11643636256575154 
2538 0.11636297483098897 
2539 0.11628966705512456 
2540 0.11621643914925567 
2541 0.11614329102457854 
2542 0.11607022259238822 
2543 0.11599723376407844 
2544 0.11592432445114155 
2545 0.11585149456516833 
2546 0.11577874401784807 
2547 0.11570607272096813 
2548 0.11563348058641425 
2549 0.11556096752617 
2550 0.11548853345231704 
2551 0.11541617827703483 
2552 0.1153439019126005 
2553 0.11527170427138886 
2554 0.11519958526587218 
2555 0.1151275448086202 
2556 0.11505558281229991 
2557 0.11498369918967544 
2558 0.11491189385360806 
2559 0.11484016671705602 
2560 0.11476851769307436 
2561 0.11469694669481496 
2562 0.11462545363552631 
2563 0.1145540384285534 
2564 0.11448270098733775 
2565 0.11441144122541709 
2566 0.11434025905642552 
2567 0.11426915439409313 
2568 0.11419812715224607 
2569 0.1141271772448064 
2570 0.11405630458579194 
2571 0.11398550908931625 
2572 0.11391479066958841 
2573 0.11384414924091307 
2574 0.11377358471769017 
2575 0.11370309701441494 
2576 0.11363268604567782 
2577 0.11356235172616425 
2578 0.11349209397065466 
2579 0.11342191269402428 
2580 0.11335180781124315 
2581 0.1132817792373759 
2582 0.11321182688758168 
2583 0.11314195067711408 
2584 0.11307215052132105 
2585 0.11300242633564471 
2586 0.11293277803562136 
2587 0.11286320553688124 
2588 0.11279370875514856 
2589 0.1127242876062412 
2590 0.1126549420060709 
2591 0.11258567187064296 
2592 0.11251647711605606 
2593 0.11244735765850242 
2594 0.11237831341426743 
2595 0.11230934429972972 
2596 0.11224045023136095 
2597 0.11217163112572583 
2598 0.11210288689948184 
2599 0.11203421746937933 
2600 0.11196562275226131 
2601 0.11189710266506324 
2602 0.11182865712481312 
2603 0.11176028604863136 
2604 0.11169198935373051 
2605 0.11162376695741537 
2606 0.11155561877708274 
2607 0.1114875447302214 
2608 0.11141954473441197 
2609 0.11135161870732677 
2610 0.11128376656672984 
2611 0.11121598823047671 
2612 0.11114828361651437 
2613 0.11108065264288115 
2614 0.11101309522770664 
2615 0.11094561128921154 
2616 0.11087820074570759 
2617 0.11081086351559745 
2618 0.11074359951737467 
2619 0.11067640866962347 
2620 0.11060929089101873 
2621 0.11054224610032591 
2622 0.11047527421640084 
2623 0.11040837515818969 
2624 0.11034154884472887 
2625 0.11027479519514498 
2626 0.11020811412865456 
2627 0.11014150556456413 
2628 0.11007496942227007 
2629 0.1100085056212584 
2630 0.10994211408110494 
2631 0.10987579472147486 
2632 0.1098095474621229 
2633 0.10974337222289304 
2634 0.10967726892371861 
2635 0.10961123748462197 
2636 0.10954527782571453 
2637 0.10947938986719676 
2638 0.10941357352935784 
2639 0.10934782873257573 
2640 0.10928215539731705 
2641 0.109216553444137 
2642 0.10915102279367916 
2643 0.1090855633666755 
2644 0.10902017508394626 
2645 0.10895485786639979 
2646 0.10888961163503257 
2647 0.1088244363109289 
2648 0.10875933181526111 
2649 0.10869429806928922 
2650 0.10862933499436085 
2651 0.1085644425119113 
2652 0.10849962054346331 
2653 0.10843486901062697 
2654 0.10837018783509966 
2655 0.10830557693866595 
2656 0.1082410362431975 
2657 0.10817656567065297 
2658 0.10811216514307785 
2659 0.10804783458260449 
2660 0.10798357391145194 
2661 0.10791938305192578 
2662 0.10785526192641823 
2663 0.10779121045740778 
2664 0.10772722856745931 
2665 0.10766331617922392 
2666 0.10759947321543886 
2667 0.10753569959892732 
2668 0.10747199525259848 
2669 0.10740836009944738 
2670 0.10734479406255473 
2671 0.10728129706508699 
2672 0.10721786903029606 
2673 0.10715450988151938 
2674 0.10709121954217973 
2675 0.10702799793578516 
2676 0.10696484498592886 
2677 0.10690176061628916 
2678 0.10683874475062932 
2679 0.10677579731279747 
2680 0.1067129182267267 
2681 0.10665010741643455 
2682 0.10658736480602336 
2683 0.1065246903196799 
2684 0.10646208388167536 
2685 0.1063995454163653 
2686 0.10633707484818947 
2687 0.10627467210167178 
2688 0.10621233710142024 
2689 0.10615006977212665 
2690 0.10608787003856684 
2691 0.10602573782560035 
2692 0.10596367305817034 
2693 0.10590167566130362 
2694 0.10583974556011046 
2695 0.10577788267978454 
2696 0.10571608694560278 
2697 0.10565435828292538 
2698 0.10559269661719563 
2699 0.10553110187393988 
2700 0.10546957397876736 
2701 0.10540811285737013 
2702 0.1053467184355231 
2703 0.1052853906390837 
2704 0.105224129393992 
2705 0.10516293462627059 
2706 0.10510180626202434 
2707 0.10504074422744047 
2708 0.10497974844878837 
2709 0.1049188188524196 
2710 0.10485795536476762 
2711 0.10479715791234794 
2712 0.10473642642175783 
2713 0.10467576081967632 
2714 0.10461516103286408 
2715 0.10455462698816341 
2716 0.10449415861249794 
2717 0.10443375583287286 
2718 0.1043734185763745 
2719 0.10431314677017049 
2720 0.10425294034150948 
2721 0.10419279921772122 
2722 0.10413272332621634 
2723 0.10407271259448635 
2724 0.10401276695010345 
2725 0.10395288632072058 
2726 0.10389307063407119 
2727 0.10383331981796919 
2728 0.10377363380030899 
2729 0.1037140125090652 
2730 0.10365445587229268 
2731 0.10359496381812637 
2732 0.10353553627478136 
2733 0.10347617317055256 
2734 0.1034168744338148 
2735 0.10335763999302267 
2736 0.10329846977671044 
2737 0.10323936371349196 
2738 0.10318032173206057 
2739 0.10312134376118909 
2740 0.10306242972972957 
2741 0.10300357956661339 
2742 0.10294479320085104 
2743 0.10288607056153205 
2744 0.10282741157782493 
2745 0.10276881617897715 
2746 0.10271028429431488 
2747 0.10265181585324304 
2748 0.10259341078524517 
2749 0.10253506901988339 
2750 0.1024767904867982 
2751 0.10241857511570847 
2752 0.10236042283641145 
2753 0.10230233357878242 
2754 0.10224430727277486 
2755 0.10218634384842022 
2756 0.10212844323582791 
2757 0.1020706053651852 
2758 0.10201283016675705 
2759 0.1019551175708861 
2760 0.10189746750799264 
2761 0.10183987990857436 
2762 0.10178235470320643 
2763 0.1017248918225413 
2764 0.10166749119730871 
2765 0.10161015275831548 
2766 0.10155287643644553 
2767 0.10149566216265977 
2768 0.10143850986799603 
2769 0.10138141948356885 
2770 0.1013243909405696 
2771 0.10126742417026621 
2772 0.10121051910400325 
2773 0.1011536756732016 
2774 0.10109689380935878 
2775 0.10104017344404834 
2776 0.10098351450892017 
2777 0.10092691693570029 
2778 0.10087038065619074 
2779 0.10081390560226955 
2780 0.10075749170589059 
2781 0.1007011388990835 
2782 0.10064484711395369 
2783 0.10058861628268213 
2784 0.10053244633752541 
2785 0.10047633721081543 
2786 0.10042028883495965 
2787 0.10036430114244063 
2788 0.10030837406581625 
2789 0.10025250753771946 
2790 0.10019670149085827 
2791 0.10014095585801562 
2792 0.10008527057204933 
2793 0.100029645565892 
2794 0.09997408077255093 
2795 0.09991857612510804 
2796 0.09986313155671979 
2797 0.09980774700061709 
2798 0.09975242239010522 
2799 0.09969715765856375 
2800 0.09964195273944644 
2801 0.09958680756628116 
2802 0.09953172207266987 
2803 0.09947669619228845 
2804 0.09942172985888667 
2805 0.09936682300628806 
2806 0.0993119755683899 
2807 0.09925718747916308 
2808 0.09920245867265204 
2809 0.0991477890829747 
2810 0.09909317864432231 
2811 0.0990386272909595 
2812 0.09898413495722405 
2813 0.0989297015775269 
2814 0.09887532708635206 
2815 0.09882101141825654 
2816 0.09876675450787016 
2817 0.09871255628989567 
2818 0.09865841669910842 
2819 0.09860433567035655 
2820 0.09855031313856062 
2821 0.09849634903871383 
2822 0.0984424433058817 
2823 0.09838859587520207 
2824 0.0983348066818851 
2825 0.09828107566121305 
2826 0.09822740274854028 
2827 0.09817378787929318 
2828 0.09812023098897008 
2829 0.0980667320131411 
2830 0.09801329088744816 
2831 0.09795990754760488 
2832 0.0979065819293965 
2833 0.0978533139686797 
2834 0.09780010360138273 
2835 0.09774695076350513 
2836 0.09769385539111772 
2837 0.0976408174203626 
2838 0.09758783678745296 
2839 0.097534913428673 
2840 0.09748204728037795 
2841 0.09742923827899394 
2842 0.09737648636101787 
2843 0.0973237914630174 
2844 0.09727115352163086 
2845 0.0972185724735671 
2846 0.09716604825560558 
2847 0.09711358080459606 
2848 0.09706117005745873 
2849 0.09700881595118396 
2850 0.09695651842283243 
2851 0.09690427740953478 
2852 0.09685209284849183 
2853 0.09679996467697423 
2854 0.09674789283232259 
2855 0.09669587725194724 
2856 0.09664391787332831 
2857 0.0965920146340155 
2858 0.09654016747162812 
2859 0.09648837632385494 
2860 0.09643664112845418 
2861 0.09638496182325336 
2862 0.09633333834614922 
2863 0.09628177063510775 
2864 0.09623025862816398 
2865 0.09617880226342201 
2866 0.09612740147905488 
2867 0.09607605621330445 
2868 0.09602476640448146 
2869 0.09597353199096526 
2870 0.09592235291120396 
2871 0.09587122910371411 
2872 0.09582016050708085 
2873 0.09576914705995769 
2874 0.09571818870106646 
2875 0.09566728536919725 
2876 0.0956164370032084 
2877 0.09556564354202626 
2878 0.0955149049246453 
2879 0.09546422109012788 
2880 0.09541359197760424 
2881 0.09536301752627248 
2882 0.09531249767539841 
2883 0.09526203236431545 
2884 0.09521162153242464 
2885 0.09516126511919451 
2886 0.09511096306416103 
2887 0.09506071530692749 
2888 0.09501052178716451 
2889 0.09496038244460986 
2890 0.0949102972190685 
2891 0.09486026605041237 
2892 0.09481028887858042 
2893 0.09476036564357851 
